object "pos_0" class array type float rank 1 shape 2 items 36 data follows
0.000000000000000e+00 0.000000000000000e+00
2.000000000000000e-01 0.000000000000000e+00
4.000000000000000e-01 0.000000000000000e+00
6.000000000000000e-01 0.000000000000000e+00
8.000000000000000e-01 0.000000000000000e+00
1.000000000000000e+00 0.000000000000000e+00
0.000000000000000e+00 2.000000000000000e-01
2.000000000000000e-01 2.000000000000000e-01
4.000000000000000e-01 2.000000000000000e-01
6.000000000000000e-01 2.000000000000000e-01
8.000000000000000e-01 2.000000000000000e-01
1.000000000000000e+00 2.000000000000000e-01
0.000000000000000e+00 4.000000000000000e-01
2.000000000000000e-01 4.000000000000000e-01
4.000000000000000e-01 4.000000000000000e-01
6.000000000000000e-01 4.000000000000000e-01
8.000000000000000e-01 4.000000000000000e-01
1.000000000000000e+00 4.000000000000000e-01
0.000000000000000e+00 6.000000000000000e-01
2.000000000000000e-01 6.000000000000000e-01
4.000000000000000e-01 6.000000000000000e-01
6.000000000000000e-01 6.000000000000000e-01
8.000000000000000e-01 6.000000000000000e-01
1.000000000000000e+00 6.000000000000000e-01
0.000000000000000e+00 8.000000000000000e-01
2.000000000000000e-01 8.000000000000000e-01
4.000000000000000e-01 8.000000000000000e-01
6.000000000000000e-01 8.000000000000000e-01
8.000000000000000e-01 8.000000000000000e-01
1.000000000000000e+00 8.000000000000000e-01
0.000000000000000e+00 1.000000000000000e+00
2.000000000000000e-01 1.000000000000000e+00
4.000000000000000e-01 1.000000000000000e+00
6.000000000000000e-01 1.000000000000000e+00
8.000000000000000e-01 1.000000000000000e+00
1.000000000000000e+00 1.000000000000000e+00

object "conn_0" class array type int rank 1 shape 3 items 50 data follows 
0 1 7 
0 7 6 
1 2 8 
1 8 7 
2 3 9 
2 9 8 
3 4 10 
3 10 9 
4 5 11 
4 11 10 
6 7 13 
6 13 12 
7 8 14 
7 14 13 
8 9 15 
8 15 14 
9 10 16 
9 16 15 
10 11 17 
10 17 16 
12 13 19 
12 19 18 
13 14 20 
13 20 19 
14 15 21 
14 21 20 
15 16 22 
15 22 21 
16 17 23 
16 23 22 
18 19 25 
18 25 24 
19 20 26 
19 26 25 
20 21 27 
20 27 26 
21 22 28 
21 28 27 
22 23 29 
22 29 28 
24 25 31 
24 31 30 
25 26 32 
25 32 31 
26 27 33 
26 33 32 
27 28 34 
27 34 33 
28 29 35 
28 35 34 
attribute "element type" string "triangles" 
attribute "ref" string "positions" 

object "Vx_data_0" class array type float rank 0 items 36 data follows
0.000000000000000e+00
0.000000000000000e+00
0.000000000000000e+00
0.000000000000000e+00
0.000000000000000e+00
0.000000000000000e+00
0.000000000000000e+00
4.000000000000001e-02
8.000000000000002e-02
1.200000000000000e-01
1.600000000000000e-01
2.000000000000000e-01
0.000000000000000e+00
8.000000000000002e-02
1.600000000000000e-01
2.400000000000000e-01
3.200000000000001e-01
4.000000000000001e-01
0.000000000000000e+00
1.200000000000000e-01
2.400000000000000e-01
3.599999999999999e-01
4.800000000000000e-01
6.000000000000000e-01
0.000000000000000e+00
1.600000000000000e-01
3.200000000000001e-01
4.800000000000000e-01
6.400000000000001e-01
8.000000000000002e-01
0.000000000000000e+00
2.000000000000000e-01
4.000000000000001e-01
6.000000000000000e-01
8.000000000000002e-01
1.000000000000000e+00
attribute "dep" string "positions"

object "Vx_0" class field
component "positions" value "pos_0"
component "connections" value "conn_0"
component "data" value "Vx_data_0"

object "Vx_data_1" class array type float rank 0 items 36 data follows
0.000000000000000e+00
0.000000000000000e+00
0.000000000000000e+00
0.000000000000000e+00
0.000000000000000e+00
0.000000000000000e+00
0.000000000000000e+00
8.000000000000002e-02
1.600000000000000e-01
2.400000000000000e-01
3.200000000000001e-01
4.000000000000001e-01
0.000000000000000e+00
1.600000000000000e-01
3.200000000000001e-01
4.800000000000000e-01
6.400000000000001e-01
8.000000000000002e-01
0.000000000000000e+00
2.400000000000000e-01
4.800000000000000e-01
7.199999999999999e-01
9.600000000000000e-01
1.200000000000000e+00
0.000000000000000e+00
3.200000000000001e-01
6.400000000000001e-01
9.600000000000000e-01
1.280000000000000e+00
1.600000000000000e+00
0.000000000000000e+00
4.000000000000001e-01
8.000000000000002e-01
1.200000000000000e+00
1.600000000000000e+00
2.000000000000000e+00
attribute "dep" string "positions"

object "Vx_1" class field
component "positions" value "pos_0"
component "connections" value "conn_0"
component "data" value "Vx_data_1"


end
