0 0.5 -7.40263e-35 2.35834e-34 0.00684016 0.706042
0.001 0.5 5.60727e-05 0.00797509 0.00686813 0.706079
0.002 0.5 0.000124413 0.0158635 0.00689609 0.706106
0.003 0.5 0.000205021 0.0236653 0.00692406 0.706126
0.004 0.5 0.000297897 0.0313805 0.00695202 0.706137
0.005 0.5 0.000403041 0.039009 0.00697998 0.70614
0.006 0.5 0.000520452 0.0465509 0.00700795 0.706135
0.007 0.5 0.000650131 0.0540061 0.00703591 0.706121
0.008 0.5 0.000792077 0.0613747 0.00706388 0.706098
0.009 0.5 0.000946292 0.0686566 0.00709184 0.706068
0.01 0.5 0.00111277 0.0758519 0.0071198 0.706029
0.011 0.5 0.00129152 0.0829605 0.00714777 0.705981
0.012 0.5 0.00148254 0.0899826 0.00717573 0.705926
0.013 0.5 0.00168583 0.0969179 0.0072037 0.705861
0.014 0.5 0.00190138 0.103767 0.00723166 0.705789
0.015 0.5 0.0021292 0.110529 0.00725963 0.705708
0.016 0.5 0.00236929 0.117204 0.00728759 0.705619
0.017 0.5 0.00262164 0.123793 0.00731555 0.705521
0.018 0.5 0.00288627 0.130295 0.00734352 0.705415
0.019 0.5 0.00316316 0.136711 0.00737148 0.705301
0.02 0.5 0.00345232 0.143039 0.00739945 0.705178
0.021 0.5 0.00375375 0.149282 0.00742741 0.705047
0.022 0.5 0.00406744 0.155437 0.00745537 0.704907
0.023 0.5 0.0043934 0.161506 0.00748334 0.704759
0.024 0.5 0.00473163 0.167488 0.0075113 0.704603
0.025 0.5 0.00508213 0.173384 0.00753927 0.704438
0.026 0.5 0.0054449 0.179193 0.00756723 0.704265
0.027 0.5 0.00581993 0.184915 0.00759519 0.704084
0.028 0.5 0.00620723 0.190551 0.00762316 0.703894
0.029 0.5 0.0066068 0.1961 0.00765112 0.703696
0.03 0.5 0.00701863 0.201562 0.00767909 0.70349
0.031 0.5 0.00744274 0.206938 0.00770705 0.703275
0.032 0.5 0.00787911 0.212227 0.00773502 0.703052
0.033 0.5 0.00832775 0.21743 0.00776298 0.70282
0.034 0.5 0.00874947 0.222513 0.00772947 0.70256
0.035 0.5 0.0091506 0.227492 0.00766522 0.702275
0.036 0.5 0.00954806 0.232383 0.00760097 0.701972
0.037 0.5 0.00994186 0.237187 0.00753672 0.701652
0.038 0.5 0.010332 0.241904 0.00747247 0.701315
0.039 0.5 0.0107185 0.246532 0.00740823 0.70096
0.04 0.5 0.0111013 0.251074 0.00734398 0.700589
0.041 0.5 0.0114804 0.255527 0.00727973 0.7002
0.042 0.5 0.0118559 0.259894 0.00721548 0.699794
0.043 0.5 0.0122277 0.264172 0.00715123 0.699371
0.044 0.5 0.0125958 0.268363 0.00708698 0.698931
0.045 0.5 0.0129603 0.272467 0.00702274 0.698473
0.046 0.5 0.0133211 0.276482 0.00695849 0.697998
0.047 0.5 0.0136783 0.280411 0.00689424 0.697506
0.048 0.5 0.0140318 0.284252 0.00682999 0.696997
0.049 0.5 0.0143816 0.288005 0.00676574 0.696471
0.05 0.5 0.0147278 0.29167 0.00670149 0.695927
0.051 0.5 0.0150703 0.295249 0.00663724 0.695367
0.052 0.5 0.0154091 0.298739 0.006573 0.694789
0.053 0.5 0.0157443 0.302142 0.00650875 0.694193
0.054 0.5 0.0160758 0.305457 0.0064445 0.693581
0.055 0.5 0.0164036 0.308685 0.00638025 0.692951
0.056 0.5 0.0167278 0.311826 0.006316 0.692304
0.057 0.5 0.0170483 0.314878 0.00625175 0.69164
0.058 0.5 0.0173652 0.317843 0.00618751 0.690959
0.059 0.5 0.0176784 0.320721 0.00612326 0.690261
0.06 0.5 0.0179879 0.323511 0.00605901 0.689545
0.061 0.5 0.0182938 0.326214 0.00599476 0.688812
0.062 0.5 0.018596 0.328829 0.00593051 0.688062
0.063 0.5 0.0188945 0.331356 0.00586626 0.687295
0.064 0.5 0.0191894 0.333796 0.00580201 0.686511
0.065 0.5 0.0194806 0.336148 0.00573777 0.685709
0.066 0.5 0.0197681 0.338413 0.00567352 0.68489
0.067 0.5 0.0200482 0.340573 0.00557584 0.684045
0.068 0.5 0.0203135 0.34263 0.0054113 0.683167
0.069 0.5 0.0205697 0.344625 0.00524676 0.682275
0.07 0.5 0.0208169 0.346557 0.00508222 0.681369
0.071 0.5 0.021055 0.348427 0.00491769 0.680449
0.072 0.5 0.0212841 0.350234 0.00475315 0.679516
0.073 0.5 0.0215041 0.351979 0.00458861 0.678568
0.074 0.5 0.0217151 0.353662 0.00442407 0.677606
0.075 0.5 0.021917 0.355282 0.00425953 0.676631
0.076 0.5 0.0221099 0.35684 0.00409499 0.675641
0.077 0.5 0.0222937 0.358335 0.00393045 0.674638
0.078 0.5 0.0224684 0.359768 0.00376592 0.673621
0.079 0.5 0.0226341 0.361139 0.00360138 0.672589
0.08 0.5 0.0227908 0.362447 0.00343684 0.671544
0.081 0.5 0.0229384 0.363693 0.0032723 0.670485
0.082 0.5 0.023077 0.364876 0.00310776 0.669412
0.083 0.5 0.0232065 0.365997 0.00294322 0.668325
0.084 0.5 0.0233269 0.367056 0.00277869 0.667224
0.085 0.5 0.0234383 0.368052 0.00261415 0.666109
0.086 0.5 0.0235406 0.368986 0.00244961 0.664981
0.087 0.5 0.0236339 0.369857 0.00228507 0.663838
0.088 0.5 0.0237182 0.370666 0.00212053 0.662681
0.089 0.5 0.0237934 0.371413 0.00195599 0.661511
0.09 0.5 0.0238595 0.372097 0.00179145 0.660326
0.091 0.5 0.0239166 0.372719 0.00162692 0.659128
0.092 0.5 0.0239646 0.373278 0.00146238 0.657915
0.093 0.5 0.0240036 0.373775 0.00129784 0.656689
0.094 0.5 0.0240335 0.37421 0.0011333 0.655449
0.095 0.5 0.0240544 0.374582 0.000968762 0.654195
0.096 0.5 0.0240662 0.374892 0.000804223 0.652927
0.097 0.5 0.024069 0.375139 0.000639685 0.651645
0.098 0.5 0.0240627 0.375324 0.000475146 0.650349
0.099 0.5 0.0240474 0.375447 0.000310608 0.649039
0.1 0.5 0.024023 0.375507 0.000146069 0.647715
0.101 0.5 0.0240183 0.375533 -7.71522e-05 0.646378
0.102 0.5 0.0240077 0.375529 -0.000300374 0.645037
0.103 0.5 0.0239911 0.375494 -0.000523595 0.643694
0.104 0.5 0.0239687 0.375428 -0.000746817 0.642349
0.105 0.5 0.0239403 0.375332 -0.000970038 0.641
0.106 0.5 0.023906 0.375206 -0.00119326 0.639649
0.107 0.5 0.0238658 0.375049 -0.00141648 0.638296
0.108 0.5 0.0238196 0.374862 -0.0016397 0.636939
0.109 0.5 0.0237676 0.374645 -0.00186292 0.63558
0.11 0.5 0.0237096 0.374397 -0.00208615 0.634219
0.111 0.5 0.0236457 0.374118 -0.00230937 0.632854
0.112 0.5 0.0235759 0.37381 -0.00253259 0.631487
0.113 0.5 0.0235002 0.37347 -0.00275581 0.630118
0.114 0.5 0.0234186 0.373101 -0.00297903 0.628745
0.115 0.5 0.0233311 0.372701 -0.00320225 0.62737
0.116 0.5 0.0232376 0.37227 -0.00342547 0.625992
0.117 0.5 0.0231382 0.37181 -0.0036487 0.624612
0.118 0.5 0.023033 0.371318 -0.00387192 0.623229
0.119 0.5 0.0229218 0.370797 -0.00409514 0.621843
0.12 0.5 0.0228046 0.370244 -0.00431836 0.620454
0.121 0.5 0.0226816 0.369662 -0.00454158 0.619063
0.122 0.5 0.0225526 0.369049 -0.0047648 0.617669
0.123 0.5 0.0224178 0.368406 -0.00498802 0.616273
0.124 0.5 0.022277 0.367732 -0.00521125 0.614874
0.125 0.5 0.0221303 0.367028 -0.00543447 0.613472
0.126 0.5 0.0219777 0.366293 -0.00565769 0.612067
0.127 0.5 0.0218192 0.365528 -0.00588091 0.61066
0.128 0.5 0.0216547 0.364733 -0.00610413 0.60925
0.129 0.5 0.0214844 0.363907 -0.00632735 0.607837
0.13 0.5 0.0213081 0.36305 -0.00655058 0.606422
0.131 0.5 0.0211259 0.362164 -0.0067738 0.605004
0.132 0.5 0.0209378 0.361247 -0.00699702 0.603583
0.133 0.5 0.0207438 0.360299 -0.00722024 0.60216
0.134 0.5 0.0205655 0.359348 -0.00745304 0.600745
0.135 0.5 0.0203957 0.358397 -0.00769063 0.599341
0.136 0.5 0.0202243 0.357436 -0.00792822 0.597944
0.137 0.5 0.0200513 0.356466 -0.0081658 0.596554
0.138 0.5 0.0198766 0.355485 -0.00840339 0.595171
0.139 0.5 0.0197002 0.354495 -0.00864098 0.593795
0.14 0.5 0.0195223 0.353495 -0.00887857 0.592426
0.141 0.5 0.0193426 0.352485 -0.00911616 0.591063
0.142 0.5 0.0191614 0.351465 -0.00935374 0.589708
0.143 0.5 0.0189785 0.350435 -0.00959133 0.58836
0.144 0.5 0.018794 0.349396 -0.00982892 0.587018
0.145 0.5 0.0186078 0.348347 -0.0100665 0.585683
0.146 0.5 0.01842 0.347288 -0.0103041 0.584356
0.147 0.5 0.0182305 0.346219 -0.0105417 0.583035
0.148 0.5 0.0180395 0.34514 -0.0107793 0.581721
0.149 0.5 0.0178467 0.344051 -0.0110169 0.580414
0.15 0.5 0.0176524 0.342953 -0.0112545 0.579114
0.151 0.5 0.0174564 0.341844 -0.011492 0.577821
0.152 0.5 0.0172587 0.340726 -0.0117296 0.576535
0.153 0.5 0.0170594 0.339598 -0.0119672 0.575256
0.154 0.5 0.0168585 0.338461 -0.0122048 0.573983
0.155 0.5 0.016656 0.337313 -0.0124424 0.572718
0.156 0.5 0.0164518 0.336155 -0.01268 0.57146
0.157 0.5 0.0162459 0.334988 -0.0129176 0.570208
0.158 0.5 0.0160384 0.333811 -0.0131552 0.568964
0.159 0.5 0.0158293 0.332624 -0.0133927 0.567726
0.16 0.5 0.0156186 0.331427 -0.0136303 0.566495
0.161 0.5 0.0154062 0.330221 -0.0138679 0.565271
0.162 0.5 0.0151921 0.329004 -0.0141055 0.564055
0.163 0.5 0.0149765 0.327778 -0.0143431 0.562845
0.164 0.5 0.0147592 0.326542 -0.0145807 0.561642
0.165 0.5 0.0145402 0.325296 -0.0148183 0.560446
0.166 0.5 0.0143196 0.32404 -0.0150559 0.559256
0.167 0.5 0.0141038 0.322782 -0.0152894 0.558079
0.168 0.5 0.0139008 0.321537 -0.0155148 0.556921
0.169 0.5 0.0136986 0.320292 -0.0157402 0.555773
0.17 0.5 0.0134971 0.319045 -0.0159656 0.554636
0.171 0.5 0.0132964 0.317798 -0.016191 0.55351
0.172 0.5 0.0130964 0.316549 -0.0164164 0.552394
0.173 0.5 0.0128972 0.3153 -0.0166418 0.551288
0.174 0.5 0.0126987 0.31405 -0.0168672 0.550193
0.175 0.5 0.012501 0.312799 -0.0170926 0.549109
0.176 0.5 0.0123041 0.311548 -0.017318 0.548035
0.177 0.5 0.0121079 0.310295 -0.0175434 0.546972
0.178 0.5 0.0119124 0.309042 -0.0177688 0.545919
0.179 0.5 0.0117178 0.307788 -0.0179942 0.544877
0.18 0.5 0.0115238 0.306533 -0.0182197 0.543846
0.181 0.5 0.0113307 0.305277 -0.0184451 0.542825
0.182 0.5 0.0111382 0.30402 -0.0186705 0.541814
0.183 0.5 0.0109466 0.302762 -0.0188959 0.540814
0.184 0.5 0.0107557 0.301504 -0.0191213 0.539825
0.185 0.5 0.0105655 0.300244 -0.0193467 0.538846
0.186 0.5 0.0103761 0.298984 -0.0195721 0.537878
0.187 0.5 0.0101875 0.297723 -0.0197975 0.53692
0.188 0.5 0.0099996 0.296461 -0.0200229 0.535973
0.189 0.5 0.00981247 0.295199 -0.0202483 0.535036
0.19 0.5 0.0096261 0.293935 -0.0204737 0.53411
0.191 0.5 0.00944048 0.292671 -0.0206991 0.533195
0.192 0.5 0.00925562 0.291406 -0.0209245 0.53229
0.193 0.5 0.00907151 0.290139 -0.0211499 0.531395
0.194 0.5 0.00888816 0.288872 -0.0213753 0.530511
0.195 0.5 0.00870557 0.287605 -0.0216007 0.529638
0.196 0.5 0.00852373 0.286336 -0.0218261 0.528775
0.197 0.5 0.00834264 0.285066 -0.0220515 0.527923
0.198 0.5 0.00816232 0.283796 -0.0222769 0.527081
0.199 0.5 0.00798274 0.282525 -0.0225023 0.52625
0.2 0.5 0.00780392 0.281253 -0.0227277 0.525429
0.201 0.5 0.00763349 0.279993 -0.0229295 0.524626
0.202 0.5 0.00746455 0.278735 -0.0231313 0.523832
0.203 0.5 0.00729712 0.277479 -0.0233331 0.523047
0.204 0.5 0.00713118 0.276226 -0.0235349 0.522273
0.205 0.5 0.00696674 0.274974 -0.0237367 0.521508
0.206 0.5 0.00680379 0.273725 -0.0239385 0.520753
0.207 0.5 0.00664235 0.272477 -0.0241402 0.520008
0.208 0.5 0.0064824 0.271232 -0.024342 0.519273
0.209 0.5 0.00632395 0.269989 -0.0245438 0.518547
0.21 0.5 0.006167 0.268748 -0.0247456 0.517831
0.211 0.5 0.00601154 0.267509 -0.0249474 0.517126
0.212 0.5 0.00585759 0.266272 -0.0251492 0.516429
0.213 0.5 0.00570513 0.265038 -0.025351 0.515743
0.214 0.5 0.00555417 0.263805 -0.0255527 0.515066
0.215 0.5 0.00540471 0.262574 -0.0257545 0.514399
0.216 0.5 0.00525674 0.261346 -0.0259563 0.513742
0.217 0.5 0.00511028 0.26012 -0.0261581 0.513095
0.218 0.5 0.00496531 0.258896 -0.0263599 0.512457
0.219 0.5 0.00482184 0.257674 -0.0265617 0.51183
0.22 0.5 0.00467987 0.256454 -0.0267634 0.511212
0.221 0.5 0.00453939 0.255236 -0.0269652 0.510604
0.222 0.5 0.00440042 0.25402 -0.027167 0.510005
0.223 0.5 0.00426294 0.252807 -0.0273688 0.509417
0.224 0.5 0.00412696 0.251595 -0.0275706 0.508838
0.225 0.5 0.00399248 0.250386 -0.0277724 0.508269
0.226 0.5 0.00385949 0.249179 -0.0279742 0.507709
0.227 0.5 0.00372801 0.247973 -0.0281759 0.50716
0.228 0.5 0.00359802 0.24677 -0.0283777 0.50662
0.229 0.5 0.00346953 0.245569 -0.0285795 0.50609
0.23 0.5 0.00334254 0.244371 -0.0287813 0.50557
0.231 0.5 0.00321705 0.243174 -0.0289831 0.50506
0.232 0.5 0.00309305 0.241979 -0.0291849 0.504559
0.233 0.5 0.00297055 0.240787 -0.0293866 0.504068
0.234 0.5 0.00284981 0.2396 -0.0295703 0.503587
0.235 0.5 0.00273067 0.238418 -0.029745 0.503114
0.236 0.5 0.002613 0.237239 -0.0299196 0.502648
0.237 0.5 0.00249681 0.236063 -0.0300943 0.50219
0.238 0.5 0.0023821 0.234889 -0.0302689 0.501739
0.239 0.5 0.00226885 0.233718 -0.0304436 0.501295
0.24 0.5 0.00215708 0.23255 -0.0306182 0.500859
0.241 0.5 0.00204679 0.231384 -0.0307929 0.50043
0.242 0.5 0.00193796 0.230222 -0.0309675 0.500008
0.243 0.5 0.00183061 0.229062 -0.0311422 0.499594
0.244 0.5 0.00172474 0.227905 -0.0313168 0.499187
0.245 0.5 0.00162034 0.22675 -0.0314915 0.498788
0.246 0.5 0.00151741 0.225599 -0.0316661 0.498395
0.247 0.5 0.00141595 0.22445 -0.0318407 0.498011
0.248 0.5 0.00131597 0.223304 -0.0320154 0.497633
0.249 0.5 0.00121747 0.22216 -0.03219 0.497263
0.25 0.5 0.00112043 0.22102 -0.0323647 0.4969
0.251 0.5 0.00102487 0.219882 -0.0325393 0.496545
0.252 0.5 0.000930785 0.218747 -0.032714 0.496197
0.253 0.5 0.000838172 0.217614 -0.0328886 0.495856
0.254 0.5 0.000747033 0.216485 -0.0330633 0.495523
0.255 0.5 0.000657367 0.215358 -0.0332379 0.495197
0.256 0.5 0.000569175 0.214234 -0.0334126 0.494878
0.257 0.5 0.000482457 0.213112 -0.0335872 0.494567
0.258 0.5 0.000397212 0.211994 -0.0337619 0.494263
0.259 0.5 0.000313441 0.210878 -0.0339365 0.493966
0.26 0.5 0.000231144 0.209765 -0.0341111 0.493677
0.261 0.5 0.00015032 0.208655 -0.0342858 0.493395
0.262 0.5 7.09699e-05 0.207547 -0.0344604 0.493121
0.263 0.5 -6.90668e-06 0.206442 -0.0346351 0.492854
0.264 0.5 -8.33096e-05 0.20534 -0.0348097 0.492594
0.265 0.5 -0.000158239 0.204241 -0.0349844 0.492341
0.266 0.5 -0.000231694 0.203145 -0.035159 0.492096
0.267 0.5 -0.000304645 0.202052 -0.0353246 0.491858
0.268 0.5 -0.000378238 0.200964 -0.035472 0.491624
0.269 0.5 -0.000450624 0.199879 -0.0356195 0.491395
0.27 0.5 -0.000521804 0.198796 -0.0357669 0.491171
0.271 0.5 -0.000591777 0.197716 -0.0359144 0.490952
0.272 0.5 -0.000660544 0.196638 -0.0360618 0.490737
0.273 0.5 -0.000728105 0.195563 -0.0362092 0.490528
0.274 0.5 -0.00079446 0.194491 -0.0363567 0.490323
0.275 0.5 -0.000859608 0.193422 -0.0365041 0.490123
0.276 0.5 -0.00092355 0.192355 -0.0366515 0.489929
0.277 0.5 -0.000986285 0.19129 -0.036799 0.489739
0.278 0.5 -0.00104781 0.190229 -0.0369464 0.489554
0.279 0.5 -0.00110814 0.18917 -0.0370938 0.489373
0.28 0.5 -0.00116725 0.188113 -0.0372413 0.489198
0.281 0.5 -0.00122516 0.187059 -0.0373887 0.489028
0.282 0.5 -0.00128187 0.186008 -0.0375362 0.488862
0.283 0.5 -0.00133736 0.18496 -0.0376836 0.488701
0.284 0.5 -0.00139166 0.183914 -0.037831 0.488545
0.285 0.5 -0.00144474 0.182871 -0.0379785 0.488395
0.286 0.5 -0.00149662 0.18183 -0.0381259 0.488248
0.287 0.5 -0.00154729 0.180792 -0.0382733 0.488107
0.288 0.5 -0.00159676 0.179756 -0.0384208 0.487971
0.289 0.5 -0.00164502 0.178724 -0.0385682 0.48784
0.29 0.5 -0.00169207 0.177694 -0.0387156 0.487713
0.291 0.5 -0.00173791 0.176666 -0.0388631 0.487591
0.292 0.5 -0.00178256 0.175641 -0.0390105 0.487475
0.293 0.5 -0.00182599 0.174619 -0.039158 0.487363
0.294 0.5 -0.00186822 0.173599 -0.0393054 0.487256
0.295 0.5 -0.00190924 0.172582 -0.0394528 0.487154
0.296 0.5 -0.00194905 0.171568 -0.0396003 0.487056
0.297 0.5 -0.00198766 0.170556 -0.0397477 0.486964
0.298 0.5 -0.00202506 0.169547 -0.0398951 0.486877
0.299 0.5 -0.00206126 0.168541 -0.0400426 0.486794
0.3 0.5 -0.00209625 0.167537 -0.04019 0.486716
0.301 0.5 -0.00213428 0.166538 -0.0403114 0.48664
0.302 0.5 -0.0021714 0.16554 -0.0404329 0.486567
0.303 0.5 -0.00220761 0.164545 -0.0405543 0.486497
0.304 0.5 -0.00224292 0.163553 -0.0406757 0.48643
0.305 0.5 -0.00227731 0.162563 -0.0407971 0.486366
0.306 0.5 -0.0023108 0.161574 -0.0409186 0.486305
0.307 0.5 -0.00234338 0.160589 -0.04104 0.486247
0.308 0.5 -0.00237505 0.159605 -0.0411614 0.486191
0.309 0.5 -0.00240582 0.158624 -0.0412828 0.486139
0.31 0.5 -0.00243568 0.157645 -0.0414043 0.486089
0.311 0.5 -0.00246462 0.156668 -0.0415257 0.486042
0.312 0.5 -0.00249267 0.155693 -0.0416471 0.485999
0.313 0.5 -0.0025198 0.154721 -0.0417685 0.485958
0.314 0.5 -0.00254602 0.153751 -0.04189 0.48592
0.315 0.5 -0.00257134 0.152783 -0.0420114 0.485885
0.316 0.5 -0.00259575 0.151817 -0.0421328 0.485853
0.317 0.5 -0.00261925 0.150854 -0.0422542 0.485824
0.318 0.5 -0.00264184 0.149893 -0.0423757 0.485798
0.319 0.5 -0.00266353 0.148934 -0.0424971 0.485775
0.32 0.5 -0.0026843 0.147978 -0.0426185 0.485754
0.321 0.5 -0.00270417 0.147024 -0.0427399 0.485737
0.322 0.5 -0.00272313 0.146072 -0.0428614 0.485723
0.323 0.5 -0.00274119 0.145122 -0.0429828 0.485711
0.324 0.5 -0.00275833 0.144174 -0.0431042 0.485702
0.325 0.5 -0.00277457 0.143229 -0.0432256 0.485697
0.326 0.5 -0.0027899 0.142286 -0.0433471 0.485694
0.327 0.5 -0.00280432 0.141346 -0.0434685 0.485694
0.328 0.5 -0.00281783 0.140407 -0.0435899 0.485697
0.329 0.5 -0.00283044 0.139471 -0.0437113 0.485703
0.33 0.5 -0.00284213 0.138537 -0.0438328 0.485712
0.331 0.5 -0.00285292 0.137605 -0.0439542 0.485724
0.332 0.5 -0.0028628 0.136676 -0.0440756 0.485739
0.333 0.5 -0.00287178 0.135749 -0.044197 0.485757
0.334 0.5 -0.00288275 0.134825 -0.0443021 0.485776
0.335 0.5 -0.00289448 0.133903 -0.0443991 0.485796
0.336 0.5 -0.00290556 0.132983 -0.044496 0.485818
0.337 0.5 -0.002916 0.132065 -0.0445929 0.485841
0.338 0.5 -0.00292579 0.131148 -0.0446898 0.485866
0.339 0.5 -0.00293494 0.130234 -0.0447868 0.485892
0.34 0.5 -0.00294344 0.129321 -0.0448837 0.48592
0.341 0.5 -0.00295129 0.128411 -0.0449806 0.48595
0.342 0.5 -0.0029585 0.127501 -0.0450775 0.485981
0.343 0.5 -0.00296506 0.126594 -0.0451744 0.486013
0.344 0.5 -0.00297098 0.125689 -0.0452714 0.486048
0.345 0.5 -0.00297625 0.124785 -0.0453683 0.486083
0.346 0.5 -0.00298087 0.123884 -0.0454652 0.486121
0.347 0.5 -0.00298485 0.122984 -0.0455621 0.48616
0.348 0.5 -0.00298818 0.122086 -0.0456591 0.4862
0.349 0.5 -0.00299087 0.121189 -0.045756 0.486243
0.35 0.5 -0.0029929 0.120295 -0.0458529 0.486286
0.351 0.5 -0.0029943 0.119402 -0.0459498 0.486331
0.352 0.5 -0.00299504 0.118512 -0.0460468 0.486378
0.353 0.5 -0.00299514 0.117623 -0.0461437 0.486427
0.354 0.5 -0.0029946 0.116736 -0.0462406 0.486477
0.355 0.5 -0.00299341 0.11585 -0.0463375 0.486528
0.356 0.5 -0.00299157 0.114967 -0.0464344 0.486581
0.357 0.5 -0.00298908 0.114085 -0.0465314 0.486636
0.358 0.5 -0.00298595 0.113205 -0.0466283 0.486692
0.359 0.5 -0.00298218 0.112327 -0.0467252 0.48675
0.36 0.5 -0.00297776 0.111451 -0.0468221 0.486809
0.361 0.5 -0.00297269 0.110577 -0.0469191 0.48687
0.362 0.5 -0.00296697 0.109704 -0.047016 0.486933
0.363 0.5 -0.00296061 0.108833 -0.0471129 0.486997
0.364 0.5 -0.0029536 0.107965 -0.0472098 0.487063
0.365 0.5 -0.00294595 0.107097 -0.0473068 0.48713
0.366 0.5 -0.00293765 0.106232 -0.0474037 0.487199
0.367 0.5 -0.00293 0.105369 -0.0474929 0.487269
0.368 0.5 -0.00292445 0.104508 -0.0475667 0.487339
0.369 0.5 -0.00291845 0.103648 -0.0476406 0.487409
0.37 0.5 -0.00291202 0.10279 -0.0477144 0.48748
0.371 0.5 -0.00290516 0.101933 -0.0477882 0.487552
0.372 0.5 -0.00289785 0.101078 -0.0478621 0.487625
0.373 0.5 -0.00289011 0.100224 -0.0479359 0.487698
0.374 0.5 -0.00288194 0.0993713 -0.0480097 0.487773
0.375 0.5 -0.00287333 0.09852 -0.0480836 0.487848
0.376 0.5 -0.00286428 0.0976702 -0.0481574 0.487923
0.377 0.5 -0.0028548 0.0968217 -0.0482312 0.488
0.378 0.5 -0.00284488 0.0959746 -0.0483051 0.488077
0.379 0.5 -0.00283453 0.0951289 -0.0483789 0.488154
0.38 0.5 -0.00282374 0.0942846 -0.0484527 0.488233
0.381 0.5 -0.00281251 0.0934417 -0.0485266 0.488312
0.382 0.5 -0.00280085 0.0926002 -0.0486004 0.488392
0.383 0.5 -0.00278875 0.09176 -0.0486742 0.488473
0.384 0.5 -0.00277621 0.0909213 -0.0487481 0.488554
0.385 0.5 -0.00276324 0.0900839 -0.0488219 0.488637
0.386 0.5 -0.00274984 0.089248 -0.0488957 0.48872
0.387 0.5 -0.00273599 0.0884134 -0.0489696 0.488803
0.388 0.5 -0.00272172 0.0875803 -0.0490434 0.488888
0.389 0.5 -0.002707 0.0867485 -0.0491172 0.488973
0.39 0.5 -0.00269185 0.0859181 -0.0491911 0.489058
0.391 0.5 -0.00267626 0.0850891 -0.0492649 0.489145
0.392 0.5 -0.00266024 0.0842615 -0.0493387 0.489232
0.393 0.5 -0.00264378 0.0834353 -0.0494126 0.48932
0.394 0.5 -0.00262688 0.0826104 -0.0494864 0.489409
0.395 0.5 -0.00260955 0.081787 -0.0495602 0.489499
0.396 0.5 -0.00259178 0.080965 -0.0496341 0.489589
0.397 0.5 -0.00257358 0.0801443 -0.0497079 0.48968
0.398 0.5 -0.00255494 0.0793251 -0.0497817 0.489771
0.399 0.5 -0.00253587 0.0785072 -0.0498556 0.489864
0.4 0.5 -0.00251635 0.0776907 -0.0499294 0.489957
0.401 0.5 -0.0024996 0.0768761 -0.0499813 0.490049
0.402 0.5 -0.00248257 0.0760624 -0.0500332 0.490142
0.403 0.5 -0.00246527 0.0752498 -0.0500851 0.490235
0.404 0.5 -0.00244769 0.0744381 -0.050137 0.490329
0.405 0.5 -0.00242984 0.0736273 -0.0501889 0.490422
0.406 0.5 -0.00241172 0.0728176 -0.0502408 0.490516
0.407 0.5 -0.00239332 0.0720088 -0.0502927 0.490611
0.408 0.5 -0.00237465 0.071201 -0.0503446 0.490705
0.409 0.5 -0.0023557 0.0703942 -0.0503965 0.4908
0.41 0.5 -0.00233648 0.0695884 -0.0504484 0.490895
0.411 0.5 -0.00231698 0.0687835 -0.0505003 0.49099
0.412 0.5 -0.00229722 0.0679797 -0.0505522 0.491085
0.413 0.5 -0.00227717 0.0671767 -0.0506041 0.491181
0.414 0.5 -0.00225686 0.0663748 -0.050656 0.491277
0.415 0.5 -0.00223626 0.0655739 -0.0507079 0.491374
0.416 0.5 -0.0022154 0.0647739 -0.0507598 0.49147
0.417 0.5 -0.00219426 0.0639749 -0.0508117 0.491567
0.418 0.5 -0.00217285 0.0631769 -0.0508636 0.491664
0.419 0.5 -0.00215116 0.0623798 -0.0509155 0.491762
0.42 0.5 -0.0021292 0.0615838 -0.0509674 0.491859
0.421 0.5 -0.00210696 0.0607887 -0.0510193 0.491957
0.422 0.5 -0.00208445 0.0599946 -0.0510712 0.492055
0.423 0.5 -0.00206167 0.0592014 -0.0511231 0.492154
0.424 0.5 -0.00203861 0.0584093 -0.051175 0.492253
0.425 0.5 -0.00201528 0.0576181 -0.0512269 0.492352
0.426 0.5 -0.00199167 0.0568279 -0.0512788 0.492451
0.427 0.5 -0.00196779 0.0560387 -0.0513307 0.49255
0.428 0.5 -0.00194364 0.0552504 -0.0513826 0.49265
0.429 0.5 -0.00191921 0.0544632 -0.0514345 0.49275
0.43 0.5 -0.00189451 0.0536769 -0.0514863 0.492851
0.431 0.5 -0.00186953 0.0528915 -0.0515382 0.492951
0.432 0.5 -0.00184428 0.0521072 -0.0515901 0.493052
0.433 0.5 -0.00181875 0.0513238 -0.051642 0.493153
0.434 0.5 -0.00179443 0.0505417 -0.0516799 0.493254
0.435 0.5 -0.00177067 0.0497602 -0.0517107 0.493355
0.436 0.5 -0.00174676 0.0489793 -0.0517415 0.493456
0.437 0.5 -0.0017227 0.048199 -0.0517723 0.493557
0.438 0.5 -0.00169849 0.0474193 -0.0518031 0.493658
0.439 0.5 -0.00167414 0.0466402 -0.0518339 0.493759
0.44 0.5 -0.00164963 0.0458616 -0.0518647 0.49386
0.441 0.5 -0.00162498 0.0450836 -0.0518955 0.493961
0.442 0.5 -0.00160017 0.0443062 -0.0519263 0.494062
0.443 0.5 -0.00157522 0.0435294 -0.0519571 0.494164
0.444 0.5 -0.00155012 0.0427532 -0.0519879 0.494265
0.445 0.5 -0.00152487 0.0419775 -0.0520187 0.494366
0.446 0.5 -0.00149947 0.0412024 -0.0520495 0.494468
0.447 0.5 -0.00147392 0.0404279 -0.0520803 0.494569
0.448 0.5 -0.00144822 0.039654 -0.0521111 0.494671
0.449 0.5 -0.00142237 0.0388807 -0.0521419 0.494773
0.45 0.5 -0.00139637 0.0381079 -0.0521727 0.494874
0.451 0.5 -0.00137023 0.0373357 -0.0522035 0.494976
0.452 0.5 -0.00134393 0.0365641 -0.0522343 0.495078
0.453 0.5 -0.00131749 0.0357931 -0.0522651 0.49518
0.454 0.5 -0.00129089 0.0350226 -0.0522959 0.495282
0.455 0.5 -0.00126415 0.0342528 -0.0523267 0.495384
0.456 0.5 -0.00123726 0.0334835 -0.0523575 0.495486
0.457 0.5 -0.00121022 0.0327148 -0.0523883 0.495588
0.458 0.5 -0.00118303 0.0319466 -0.0524191 0.495691
0.459 0.5 -0.00115569 0.0311791 -0.0524499 0.495793
0.46 0.5 -0.0011282 0.0304121 -0.0524807 0.495895
0.461 0.5 -0.00110056 0.0296457 -0.0525115 0.495998
0.462 0.5 -0.00107277 0.0288799 -0.0525423 0.4961
0.463 0.5 -0.00104484 0.0281147 -0.0525731 0.496203
0.464 0.5 -0.00101675 0.02735 -0.0526039 0.496306
0.465 0.5 -0.000988519 0.026586 -0.0526347 0.496408
0.466 0.5 -0.000960135 0.0258225 -0.0526655 0.496511
0.467 0.5 -0.000931978 0.0250596 -0.0526895 0.496614
0.468 0.5 -0.000904491 0.0242972 -0.0526997 0.496716
0.469 0.5 -0.000876956 0.0235349 -0.0527099 0.496819
0.47 0.5 -0.000849374 0.0227728 -0.0527201 0.496921
0.471 0.5 -0.000821745 0.0220109 -0.0527303 0.497024
0.472 0.5 -0.000794069 0.0212493 -0.0527405 0.497126
0.473 0.5 -0.000766346 0.0204878 -0.0527507 0.497229
0.474 0.5 -0.000738576 0.0197265 -0.0527609 0.497332
0.475 0.5 -0.000710758 0.0189654 -0.0527711 0.497434
0.476 0.5 -0.000682894 0.0182044 -0.0527814 0.497537
0.477 0.5 -0.000654982 0.0174437 -0.0527916 0.497639
0.478 0.5 -0.000627023 0.0166832 -0.0528018 0.497742
0.479 0.5 -0.000599017 0.0159228 -0.052812 0.497844
0.48 0.5 -0.000570964 0.0151627 -0.0528222 0.497947
0.481 0.5 -0.000542863 0.0144027 -0.0528324 0.49805
0.482 0.5 -0.000514716 0.013643 -0.0528426 0.498152
0.483 0.5 -0.000486521 0.0128834 -0.0528528 0.498255
0.484 0.5 -0.00045828 0.012124 -0.052863 0.498357
0.485 0.5 -0.000429991 0.0113648 -0.0528733 0.49846
0.486 0.5 -0.000401655 0.0106058 -0.0528835 0.498563
0.487 0.5 -0.000373272 0.00984701 -0.0528937 0.498665
0.488 0.5 -0.000344841 0.00908839 -0.0529039 0.498768
0.489 0.5 -0.000316364 0.00832997 -0.0529141 0.498871
0.49 0.5 -0.000287839 0.00757174 -0.0529243 0.498973
0.491 0.5 -0.000259268 0.0068137 -0.0529345 0.499076
0.492 0.5 -0.000230649 0.00605586 -0.0529447 0.499179
0.493 0.5 -0.000201983 0.0052982 -0.0529549 0.499281
0.494 0.5 -0.000173269 0.00454074 -0.0529652 0.499384
0.495 0.5 -0.000144509 0.00378347 -0.0529754 0.499487
0.496 0.5 -0.000115702 0.00302639 -0.0529856 0.499589
0.497 0.5 -8.68472e-05 0.00226951 -0.0529958 0.499692
0.498 0.5 -5.79455e-05 0.00151281 -0.053006 0.499795
0.499 0.5 -2.89967e-05 0.000756311 -0.0530162 0.499897
0.5 0.5 -6.7048e-10 8.02362e-10 -0.0530264 0.5
0.501 0.5 2.89953e-05 -0.000756309 -0.0530162 0.500103
0.502 0.5 5.79442e-05 -0.00151281 -0.053006 0.500205
0.503 0.5 8.68459e-05 -0.00226951 -0.0529958 0.500308
0.504 0.5 0.0001157 -0.00302639 -0.0529856 0.500411
0.505 0.5 0.000144508 -0.00378347 -0.0529754 0.500513
0.506 0.5 0.000173268 -0.00454074 -0.0529652 0.500616
0.507 0.5 0.000201981 -0.0052982 -0.0529549 0.500719
0.508 0.5 0.000230647 -0.00605586 -0.0529447 0.500821
0.509 0.5 0.000259266 -0.0068137 -0.0529345 0.500924
0.51 0.5 0.000287838 -0.00757174 -0.0529243 0.501027
0.511 0.5 0.000316362 -0.00832997 -0.0529141 0.501129
0.512 0.5 0.00034484 -0.00908839 -0.0529039 0.501232
0.513 0.5 0.00037327 -0.00984701 -0.0528937 0.501335
0.514 0.5 0.000401653 -0.0106058 -0.0528835 0.501437
0.515 0.5 0.000429989 -0.0113648 -0.0528733 0.50154
0.516 0.5 0.000458278 -0.012124 -0.052863 0.501643
0.517 0.5 0.00048652 -0.0128834 -0.0528528 0.501745
0.518 0.5 0.000514715 -0.013643 -0.0528426 0.501848
0.519 0.5 0.000542862 -0.0144027 -0.0528324 0.50195
0.52 0.5 0.000570962 -0.0151627 -0.0528222 0.502053
0.521 0.5 0.000599016 -0.0159228 -0.052812 0.502156
0.522 0.5 0.000627022 -0.0166832 -0.0528018 0.502258
0.523 0.5 0.000654981 -0.0174437 -0.0527916 0.502361
0.524 0.5 0.000682892 -0.0182044 -0.0527814 0.502463
0.525 0.5 0.000710757 -0.0189654 -0.0527711 0.502566
0.526 0.5 0.000738574 -0.0197265 -0.0527609 0.502668
0.527 0.5 0.000766345 -0.0204878 -0.0527507 0.502771
0.528 0.5 0.000794068 -0.0212493 -0.0527405 0.502874
0.529 0.5 0.000821744 -0.0220109 -0.0527303 0.502976
0.53 0.5 0.000849373 -0.0227728 -0.0527201 0.503079
0.531 0.5 0.000876955 -0.0235349 -0.0527099 0.503181
0.532 0.5 0.000904489 -0.0242972 -0.0526997 0.503284
0.533 0.5 0.000931977 -0.0250596 -0.0526895 0.503386
0.534 0.5 0.000960134 -0.0258225 -0.0526655 0.503489
0.535 0.5 0.000988517 -0.026586 -0.0526347 0.503592
0.536 0.5 0.00101675 -0.02735 -0.0526039 0.503694
0.537 0.5 0.00104484 -0.0281147 -0.0525731 0.503797
0.538 0.5 0.00107277 -0.0288799 -0.0525423 0.5039
0.539 0.5 0.00110056 -0.0296457 -0.0525115 0.504002
0.54 0.5 0.0011282 -0.0304121 -0.0524807 0.504105
0.541 0.5 0.00115569 -0.0311791 -0.0524499 0.504207
0.542 0.5 0.00118302 -0.0319466 -0.0524191 0.504309
0.543 0.5 0.00121022 -0.0327148 -0.0523883 0.504412
0.544 0.5 0.00123726 -0.0334835 -0.0523575 0.504514
0.545 0.5 0.00126415 -0.0342528 -0.0523267 0.504616
0.546 0.5 0.00129089 -0.0350226 -0.0522959 0.504718
0.547 0.5 0.00131748 -0.0357931 -0.0522651 0.50482
0.548 0.5 0.00134393 -0.0365641 -0.0522343 0.504922
0.549 0.5 0.00137022 -0.0373357 -0.0522035 0.505024
0.55 0.5 0.00139637 -0.0381079 -0.0521727 0.505126
0.551 0.5 0.00142237 -0.0388807 -0.0521419 0.505227
0.552 0.5 0.00144822 -0.039654 -0.0521111 0.505329
0.553 0.5 0.00147391 -0.0404279 -0.0520803 0.505431
0.554 0.5 0.00149946 -0.0412024 -0.0520495 0.505532
0.555 0.5 0.00152486 -0.0419775 -0.0520187 0.505634
0.556 0.5 0.00155012 -0.0427532 -0.0519879 0.505735
0.557 0.5 0.00157522 -0.0435294 -0.0519571 0.505836
0.558 0.5 0.00160017 -0.0443062 -0.0519263 0.505938
0.559 0.5 0.00162497 -0.0450836 -0.0518955 0.506039
0.56 0.5 0.00164963 -0.0458616 -0.0518647 0.50614
0.561 0.5 0.00167413 -0.0466402 -0.0518339 0.506241
0.562 0.5 0.00169849 -0.0474193 -0.0518031 0.506342
0.563 0.5 0.0017227 -0.048199 -0.0517723 0.506443
0.564 0.5 0.00174676 -0.0489793 -0.0517415 0.506544
0.565 0.5 0.00177067 -0.0497602 -0.0517107 0.506645
0.566 0.5 0.00179443 -0.0505417 -0.0516799 0.506746
0.567 0.5 0.00181875 -0.0513238 -0.051642 0.506847
0.568 0.5 0.00184428 -0.0521072 -0.0515901 0.506948
0.569 0.5 0.00186953 -0.0528915 -0.0515382 0.507049
0.57 0.5 0.0018945 -0.0536769 -0.0514863 0.507149
0.571 0.5 0.00191921 -0.0544632 -0.0514345 0.50725
0.572 0.5 0.00194363 -0.0552504 -0.0513826 0.50735
0.573 0.5 0.00196779 -0.0560387 -0.0513307 0.50745
0.574 0.5 0.00199167 -0.0568279 -0.0512788 0.507549
0.575 0.5 0.00201528 -0.0576181 -0.0512269 0.507648
0.576 0.5 0.00203861 -0.0584093 -0.051175 0.507747
0.577 0.5 0.00206167 -0.0592014 -0.0511231 0.507846
0.578 0.5 0.00208445 -0.0599946 -0.0510712 0.507945
0.579 0.5 0.00210696 -0.0607887 -0.0510193 0.508043
0.58 0.5 0.00212919 -0.0615838 -0.0509674 0.508141
0.581 0.5 0.00215116 -0.0623798 -0.0509155 0.508238
0.582 0.5 0.00217284 -0.0631769 -0.0508636 0.508336
0.583 0.5 0.00219426 -0.0639749 -0.0508117 0.508433
0.584 0.5 0.0022154 -0.0647739 -0.0507598 0.50853
0.585 0.5 0.00223626 -0.0655739 -0.0507079 0.508626
0.586 0.5 0.00225685 -0.0663748 -0.050656 0.508723
0.587 0.5 0.00227717 -0.0671767 -0.0506041 0.508819
0.588 0.5 0.00229721 -0.0679797 -0.0505522 0.508915
0.589 0.5 0.00231698 -0.0687835 -0.0505003 0.50901
0.59 0.5 0.00233648 -0.0695884 -0.0504484 0.509105
0.591 0.5 0.0023557 -0.0703942 -0.0503965 0.5092
0.592 0.5 0.00237465 -0.071201 -0.0503446 0.509295
0.593 0.5 0.00239332 -0.0720088 -0.0502927 0.509389
0.594 0.5 0.00241172 -0.0728176 -0.0502408 0.509484
0.595 0.5 0.00242984 -0.0736273 -0.0501889 0.509578
0.596 0.5 0.00244769 -0.0744381 -0.050137 0.509671
0.597 0.5 0.00246527 -0.0752498 -0.0500851 0.509765
0.598 0.5 0.00248257 -0.0760624 -0.0500332 0.509858
0.599 0.5 0.0024996 -0.0768761 -0.0499813 0.509951
0.6 0.5 0.00251635 -0.0776907 -0.0499294 0.510043
0.601 0.5 0.00253586 -0.0785072 -0.0498556 0.510136
0.602 0.5 0.00255494 -0.0793251 -0.0497817 0.510229
0.603 0.5 0.00257358 -0.0801443 -0.0497079 0.51032
0.604 0.5 0.00259178 -0.080965 -0.0496341 0.510411
0.605 0.5 0.00260955 -0.081787 -0.0495602 0.510501
0.606 0.5 0.00262688 -0.0826104 -0.0494864 0.510591
0.607 0.5 0.00264378 -0.0834353 -0.0494126 0.51068
0.608 0.5 0.00266024 -0.0842615 -0.0493387 0.510768
0.609 0.5 0.00267626 -0.0850891 -0.0492649 0.510855
0.61 0.5 0.00269185 -0.0859181 -0.0491911 0.510942
0.611 0.5 0.002707 -0.0867485 -0.0491172 0.511027
0.612 0.5 0.00272171 -0.0875803 -0.0490434 0.511112
0.613 0.5 0.00273599 -0.0884134 -0.0489696 0.511197
0.614 0.5 0.00274984 -0.089248 -0.0488957 0.51128
0.615 0.5 0.00276324 -0.0900839 -0.0488219 0.511363
0.616 0.5 0.00277621 -0.0909213 -0.0487481 0.511446
0.617 0.5 0.00278875 -0.09176 -0.0486742 0.511527
0.618 0.5 0.00280085 -0.0926002 -0.0486004 0.511608
0.619 0.5 0.00281251 -0.0934417 -0.0485266 0.511688
0.62 0.5 0.00282374 -0.0942846 -0.0484527 0.511767
0.621 0.5 0.00283453 -0.0951289 -0.0483789 0.511846
0.622 0.5 0.00284488 -0.0959746 -0.0483051 0.511923
0.623 0.5 0.0028548 -0.0968217 -0.0482312 0.512
0.624 0.5 0.00286428 -0.0976702 -0.0481574 0.512077
0.625 0.5 0.00287333 -0.09852 -0.0480836 0.512152
0.626 0.5 0.00288194 -0.0993713 -0.0480097 0.512227
0.627 0.5 0.00289011 -0.100224 -0.0479359 0.512302
0.628 0.5 0.00289785 -0.101078 -0.0478621 0.512375
0.629 0.5 0.00290515 -0.101933 -0.0477882 0.512448
0.63 0.5 0.00291202 -0.10279 -0.0477144 0.51252
0.631 0.5 0.00291845 -0.103648 -0.0476406 0.512591
0.632 0.5 0.00292444 -0.104508 -0.0475667 0.512661
0.633 0.5 0.00293 -0.105369 -0.0474929 0.512731
0.634 0.5 0.00293765 -0.106232 -0.0474037 0.512801
0.635 0.5 0.00294595 -0.107097 -0.0473068 0.51287
0.636 0.5 0.0029536 -0.107965 -0.0472098 0.512937
0.637 0.5 0.00296061 -0.108833 -0.0471129 0.513003
0.638 0.5 0.00296697 -0.109704 -0.047016 0.513067
0.639 0.5 0.00297269 -0.110577 -0.0469191 0.51313
0.64 0.5 0.00297775 -0.111451 -0.0468221 0.513191
0.641 0.5 0.00298218 -0.112327 -0.0467252 0.51325
0.642 0.5 0.00298595 -0.113205 -0.0466283 0.513308
0.643 0.5 0.00298908 -0.114085 -0.0465314 0.513364
0.644 0.5 0.00299157 -0.114967 -0.0464344 0.513419
0.645 0.5 0.00299341 -0.11585 -0.0463375 0.513472
0.646 0.5 0.0029946 -0.116736 -0.0462406 0.513523
0.647 0.5 0.00299514 -0.117623 -0.0461437 0.513573
0.648 0.5 0.00299504 -0.118512 -0.0460468 0.513622
0.649 0.5 0.0029943 -0.119402 -0.0459498 0.513669
0.65 0.5 0.0029929 -0.120295 -0.0458529 0.513714
0.651 0.5 0.00299086 -0.121189 -0.045756 0.513757
0.652 0.5 0.00298818 -0.122086 -0.0456591 0.5138
0.653 0.5 0.00298485 -0.122984 -0.0455621 0.51384
0.654 0.5 0.00298087 -0.123884 -0.0454652 0.513879
0.655 0.5 0.00297625 -0.124785 -0.0453683 0.513917
0.656 0.5 0.00297098 -0.125689 -0.0452714 0.513952
0.657 0.5 0.00296506 -0.126594 -0.0451744 0.513987
0.658 0.5 0.0029585 -0.127501 -0.0450775 0.514019
0.659 0.5 0.00295129 -0.128411 -0.0449806 0.51405
0.66 0.5 0.00294344 -0.129321 -0.0448837 0.51408
0.661 0.5 0.00293494 -0.130234 -0.0447868 0.514108
0.662 0.5 0.00292579 -0.131148 -0.0446898 0.514134
0.663 0.5 0.002916 -0.132065 -0.0445929 0.514159
0.664 0.5 0.00290556 -0.132983 -0.044496 0.514182
0.665 0.5 0.00289448 -0.133903 -0.0443991 0.514204
0.666 0.5 0.00288275 -0.134825 -0.0443021 0.514224
0.667 0.5 0.00287178 -0.135749 -0.044197 0.514243
0.668 0.5 0.0028628 -0.136676 -0.0440756 0.514261
0.669 0.5 0.00285292 -0.137605 -0.0439542 0.514276
0.67 0.5 0.00284213 -0.138537 -0.0438328 0.514288
0.671 0.5 0.00283044 -0.139471 -0.0437113 0.514297
0.672 0.5 0.00281783 -0.140407 -0.0435899 0.514303
0.673 0.5 0.00280432 -0.141346 -0.0434685 0.514306
0.674 0.5 0.0027899 -0.142286 -0.0433471 0.514306
0.675 0.5 0.00277457 -0.143229 -0.0432256 0.514303
0.676 0.5 0.00275833 -0.144174 -0.0431042 0.514298
0.677 0.5 0.00274119 -0.145122 -0.0429828 0.514289
0.678 0.5 0.00272313 -0.146072 -0.0428614 0.514277
0.679 0.5 0.00270417 -0.147024 -0.0427399 0.514263
0.68 0.5 0.0026843 -0.147978 -0.0426185 0.514246
0.681 0.5 0.00266353 -0.148934 -0.0424971 0.514225
0.682 0.5 0.00264184 -0.149893 -0.0423757 0.514202
0.683 0.5 0.00261925 -0.150854 -0.0422542 0.514176
0.684 0.5 0.00259575 -0.151817 -0.0421328 0.514147
0.685 0.5 0.00257134 -0.152783 -0.0420114 0.514115
0.686 0.5 0.00254602 -0.153751 -0.04189 0.51408
0.687 0.5 0.0025198 -0.154721 -0.0417685 0.514042
0.688 0.5 0.00249266 -0.155693 -0.0416471 0.514001
0.689 0.5 0.00246462 -0.156668 -0.0415257 0.513958
0.69 0.5 0.00243567 -0.157645 -0.0414043 0.513911
0.691 0.5 0.00240582 -0.158624 -0.0412828 0.513861
0.692 0.5 0.00237505 -0.159605 -0.0411614 0.513809
0.693 0.5 0.00234338 -0.160589 -0.04104 0.513753
0.694 0.5 0.0023108 -0.161574 -0.0409186 0.513695
0.695 0.5 0.00227731 -0.162563 -0.0407971 0.513634
0.696 0.5 0.00224291 -0.163553 -0.0406757 0.51357
0.697 0.5 0.00220761 -0.164545 -0.0405543 0.513503
0.698 0.5 0.0021714 -0.16554 -0.0404329 0.513433
0.699 0.5 0.00213428 -0.166538 -0.0403114 0.51336
0.7 0.5 0.00209625 -0.167537 -0.04019 0.513284
0.701 0.5 0.00206126 -0.168541 -0.0400426 0.513206
0.702 0.5 0.00202506 -0.169547 -0.0398951 0.513123
0.703 0.5 0.00198766 -0.170556 -0.0397477 0.513036
0.704 0.5 0.00194905 -0.171568 -0.0396003 0.512944
0.705 0.5 0.00190924 -0.172582 -0.0394528 0.512846
0.706 0.5 0.00186821 -0.173599 -0.0393054 0.512744
0.707 0.5 0.00182599 -0.174619 -0.039158 0.512637
0.708 0.5 0.00178255 -0.175641 -0.0390105 0.512525
0.709 0.5 0.00173791 -0.176666 -0.0388631 0.512409
0.71 0.5 0.00169207 -0.177694 -0.0387156 0.512287
0.711 0.5 0.00164501 -0.178724 -0.0385682 0.51216
0.712 0.5 0.00159675 -0.179756 -0.0384208 0.512029
0.713 0.5 0.00154729 -0.180792 -0.0382733 0.511893
0.714 0.5 0.00149662 -0.18183 -0.0381259 0.511752
0.715 0.5 0.00144474 -0.182871 -0.0379785 0.511605
0.716 0.5 0.00139165 -0.183914 -0.037831 0.511455
0.717 0.5 0.00133736 -0.18496 -0.0376836 0.511299
0.718 0.5 0.00128187 -0.186008 -0.0375362 0.511138
0.719 0.5 0.00122516 -0.187059 -0.0373887 0.510972
0.72 0.5 0.00116725 -0.188113 -0.0372413 0.510802
0.721 0.5 0.00110814 -0.18917 -0.0370938 0.510627
0.722 0.5 0.00104781 -0.190229 -0.0369464 0.510446
0.723 0.5 0.000986283 -0.19129 -0.036799 0.510261
0.724 0.5 0.000923548 -0.192355 -0.0366515 0.510071
0.725 0.5 0.000859606 -0.193422 -0.0365041 0.509877
0.726 0.5 0.000794458 -0.194491 -0.0363567 0.509677
0.727 0.5 0.000728104 -0.195563 -0.0362092 0.509472
0.728 0.5 0.000660543 -0.196638 -0.0360618 0.509263
0.729 0.5 0.000591776 -0.197716 -0.0359144 0.509048
0.73 0.5 0.000521802 -0.198796 -0.0357669 0.508829
0.731 0.5 0.000450622 -0.199879 -0.0356195 0.508605
0.732 0.5 0.000378236 -0.200964 -0.035472 0.508376
0.733 0.5 0.000304644 -0.202052 -0.0353246 0.508142
0.734 0.5 0.000231693 -0.203145 -0.035159 0.507904
0.735 0.5 0.000158237 -0.204241 -0.0349844 0.507659
0.736 0.5 8.3308e-05 -0.20534 -0.0348097 0.507406
0.737 0.5 6.9051e-06 -0.206442 -0.0346351 0.507146
0.738 0.5 -7.09714e-05 -0.207547 -0.0344604 0.506879
0.739 0.5 -0.000150322 -0.208655 -0.0342858 0.506605
0.74 0.5 -0.000231145 -0.209765 -0.0341111 0.506323
0.741 0.5 -0.000313443 -0.210878 -0.0339365 0.506034
0.742 0.5 -0.000397214 -0.211994 -0.0337619 0.505737
0.743 0.5 -0.000482459 -0.213112 -0.0335872 0.505433
0.744 0.5 -0.000569177 -0.214234 -0.0334126 0.505122
0.745 0.5 -0.000657369 -0.215358 -0.0332379 0.504803
0.746 0.5 -0.000747034 -0.216485 -0.0330633 0.504477
0.747 0.5 -0.000838174 -0.217614 -0.0328886 0.504144
0.748 0.5 -0.000930787 -0.218747 -0.032714 0.503803
0.749 0.5 -0.00102487 -0.219882 -0.0325393 0.503455
0.75 0.5 -0.00112043 -0.22102 -0.0323647 0.5031
0.751 0.5 -0.00121747 -0.22216 -0.03219 0.502737
0.752 0.5 -0.00131597 -0.223304 -0.0320154 0.502367
0.753 0.5 -0.00141596 -0.22445 -0.0318407 0.501989
0.754 0.5 -0.00151741 -0.225599 -0.0316661 0.501605
0.755 0.5 -0.00162034 -0.22675 -0.0314915 0.501212
0.756 0.5 -0.00172474 -0.227905 -0.0313168 0.500813
0.757 0.5 -0.00183062 -0.229062 -0.0311422 0.500406
0.758 0.5 -0.00193796 -0.230222 -0.0309675 0.499992
0.759 0.5 -0.00204679 -0.231384 -0.0307929 0.49957
0.76 0.5 -0.00215708 -0.23255 -0.0306182 0.499141
0.761 0.5 -0.00226885 -0.233718 -0.0304436 0.498705
0.762 0.5 -0.0023821 -0.234889 -0.0302689 0.498261
0.763 0.5 -0.00249682 -0.236063 -0.0300943 0.49781
0.764 0.5 -0.00261301 -0.237239 -0.0299196 0.497352
0.765 0.5 -0.00273067 -0.238418 -0.029745 0.496886
0.766 0.5 -0.00284981 -0.2396 -0.0295703 0.496413
0.767 0.5 -0.00297055 -0.240787 -0.0293866 0.495932
0.768 0.5 -0.00309305 -0.241979 -0.0291849 0.495441
0.769 0.5 -0.00321705 -0.243174 -0.0289831 0.49494
0.77 0.5 -0.00334254 -0.244371 -0.0287813 0.49443
0.771 0.5 -0.00346953 -0.245569 -0.0285795 0.49391
0.772 0.5 -0.00359802 -0.24677 -0.0283777 0.49338
0.773 0.5 -0.00372801 -0.247973 -0.0281759 0.49284
0.774 0.5 -0.0038595 -0.249179 -0.0279742 0.492291
0.775 0.5 -0.00399248 -0.250386 -0.0277724 0.491731
0.776 0.5 -0.00412696 -0.251595 -0.0275706 0.491162
0.777 0.5 -0.00426294 -0.252807 -0.0273688 0.490583
0.778 0.5 -0.00440042 -0.25402 -0.027167 0.489995
0.779 0.5 -0.0045394 -0.255236 -0.0269652 0.489396
0.78 0.5 -0.00467987 -0.256454 -0.0267634 0.488788
0.781 0.5 -0.00482184 -0.257674 -0.0265617 0.48817
0.782 0.5 -0.00496531 -0.258896 -0.0263599 0.487543
0.783 0.5 -0.00511028 -0.26012 -0.0261581 0.486905
0.784 0.5 -0.00525674 -0.261346 -0.0259563 0.486258
0.785 0.5 -0.00540471 -0.262574 -0.0257545 0.485601
0.786 0.5 -0.00555417 -0.263805 -0.0255527 0.484934
0.787 0.5 -0.00570513 -0.265038 -0.025351 0.484257
0.788 0.5 -0.00585759 -0.266272 -0.0251492 0.483571
0.789 0.5 -0.00601154 -0.267509 -0.0249474 0.482874
0.79 0.5 -0.006167 -0.268748 -0.0247456 0.482169
0.791 0.5 -0.00632395 -0.269989 -0.0245438 0.481453
0.792 0.5 -0.0064824 -0.271232 -0.024342 0.480727
0.793 0.5 -0.00664235 -0.272477 -0.0241402 0.479992
0.794 0.5 -0.00680379 -0.273725 -0.0239385 0.479247
0.795 0.5 -0.00696674 -0.274974 -0.0237367 0.478492
0.796 0.5 -0.00713118 -0.276226 -0.0235349 0.477727
0.797 0.5 -0.00729712 -0.277479 -0.0233331 0.476953
0.798 0.5 -0.00746456 -0.278735 -0.0231313 0.476168
0.799 0.5 -0.00763349 -0.279993 -0.0229295 0.475374
0.8 0.5 -0.00780393 -0.281253 -0.0227277 0.474571
0.801 0.5 -0.00798274 -0.282525 -0.0225023 0.47375
0.802 0.5 -0.00816232 -0.283796 -0.0222769 0.472919
0.803 0.5 -0.00834265 -0.285066 -0.0220515 0.472077
0.804 0.5 -0.00852373 -0.286336 -0.0218261 0.471225
0.805 0.5 -0.00870557 -0.287605 -0.0216007 0.470362
0.806 0.5 -0.00888816 -0.288872 -0.0213753 0.469489
0.807 0.5 -0.00907151 -0.290139 -0.0211499 0.468605
0.808 0.5 -0.00925562 -0.291406 -0.0209245 0.46771
0.809 0.5 -0.00944048 -0.292671 -0.0206991 0.466805
0.81 0.5 -0.0096261 -0.293935 -0.0204737 0.46589
0.811 0.5 -0.00981247 -0.295199 -0.0202483 0.464964
0.812 0.5 -0.0099996 -0.296461 -0.0200229 0.464027
0.813 0.5 -0.0101875 -0.297723 -0.0197975 0.46308
0.814 0.5 -0.0103761 -0.298984 -0.0195721 0.462122
0.815 0.5 -0.0105655 -0.300244 -0.0193467 0.461154
0.816 0.5 -0.0107557 -0.301504 -0.0191213 0.460175
0.817 0.5 -0.0109466 -0.302762 -0.0188959 0.459186
0.818 0.5 -0.0111382 -0.30402 -0.0186705 0.458186
0.819 0.5 -0.0113307 -0.305277 -0.0184451 0.457175
0.82 0.5 -0.0115238 -0.306533 -0.0182197 0.456154
0.821 0.5 -0.0117178 -0.307788 -0.0179942 0.455123
0.822 0.5 -0.0119124 -0.309042 -0.0177688 0.454081
0.823 0.5 -0.0121079 -0.310295 -0.0175434 0.453028
0.824 0.5 -0.0123041 -0.311548 -0.017318 0.451965
0.825 0.5 -0.012501 -0.312799 -0.0170926 0.450891
0.826 0.5 -0.0126987 -0.31405 -0.0168672 0.449807
0.827 0.5 -0.0128972 -0.3153 -0.0166418 0.448712
0.828 0.5 -0.0130964 -0.316549 -0.0164164 0.447606
0.829 0.5 -0.0132964 -0.317798 -0.016191 0.44649
0.83 0.5 -0.0134971 -0.319045 -0.0159656 0.445364
0.831 0.5 -0.0136986 -0.320292 -0.0157402 0.444227
0.832 0.5 -0.0139008 -0.321537 -0.0155148 0.443079
0.833 0.5 -0.0141038 -0.322782 -0.0152894 0.441921
0.834 0.5 -0.0143196 -0.32404 -0.0150559 0.440744
0.835 0.5 -0.0145402 -0.325296 -0.0148183 0.439554
0.836 0.5 -0.0147592 -0.326542 -0.0145807 0.438358
0.837 0.5 -0.0149765 -0.327778 -0.0143431 0.437155
0.838 0.5 -0.0151921 -0.329004 -0.0141055 0.435945
0.839 0.5 -0.0154062 -0.330221 -0.0138679 0.434729
0.84 0.5 -0.0156186 -0.331427 -0.0136303 0.433505
0.841 0.5 -0.0158293 -0.332624 -0.0133927 0.432274
0.842 0.5 -0.0160384 -0.333811 -0.0131552 0.431036
0.843 0.5 -0.0162459 -0.334988 -0.0129176 0.429792
0.844 0.5 -0.0164518 -0.336155 -0.01268 0.42854
0.845 0.5 -0.016656 -0.337313 -0.0124424 0.427282
0.846 0.5 -0.0168585 -0.338461 -0.0122048 0.426017
0.847 0.5 -0.0170594 -0.339598 -0.0119672 0.424744
0.848 0.5 -0.0172587 -0.340726 -0.0117296 0.423465
0.849 0.5 -0.0174564 -0.341844 -0.011492 0.422179
0.85 0.5 -0.0176524 -0.342953 -0.0112545 0.420886
0.851 0.5 -0.0178467 -0.344051 -0.0110169 0.419586
0.852 0.5 -0.0180395 -0.34514 -0.0107793 0.418279
0.853 0.5 -0.0182305 -0.346219 -0.0105417 0.416965
0.854 0.5 -0.01842 -0.347288 -0.0103041 0.415644
0.855 0.5 -0.0186078 -0.348347 -0.0100665 0.414317
0.856 0.5 -0.018794 -0.349396 -0.00982892 0.412982
0.857 0.5 -0.0189785 -0.350435 -0.00959133 0.41164
0.858 0.5 -0.0191614 -0.351465 -0.00935374 0.410292
0.859 0.5 -0.0193426 -0.352485 -0.00911616 0.408937
0.86 0.5 -0.0195223 -0.353495 -0.00887857 0.407574
0.861 0.5 -0.0197002 -0.354495 -0.00864098 0.406205
0.862 0.5 -0.0198766 -0.355485 -0.00840339 0.404829
0.863 0.5 -0.0200513 -0.356466 -0.0081658 0.403446
0.864 0.5 -0.0202243 -0.357436 -0.00792822 0.402056
0.865 0.5 -0.0203957 -0.358397 -0.00769063 0.400659
0.866 0.5 -0.0205655 -0.359348 -0.00745304 0.399255
0.867 0.5 -0.0207438 -0.360299 -0.00722024 0.39784
0.868 0.5 -0.0209378 -0.361247 -0.00699702 0.396417
0.869 0.5 -0.0211259 -0.362164 -0.0067738 0.394996
0.87 0.5 -0.0213081 -0.36305 -0.00655058 0.393578
0.871 0.5 -0.0214844 -0.363907 -0.00632735 0.392163
0.872 0.5 -0.0216547 -0.364733 -0.00610413 0.39075
0.873 0.5 -0.0218192 -0.365528 -0.00588091 0.38934
0.874 0.5 -0.0219777 -0.366293 -0.00565769 0.387933
0.875 0.5 -0.0221303 -0.367028 -0.00543447 0.386528
0.876 0.5 -0.022277 -0.367732 -0.00521125 0.385126
0.877 0.5 -0.0224178 -0.368406 -0.00498803 0.383727
0.878 0.5 -0.0225527 -0.369049 -0.0047648 0.382331
0.879 0.5 -0.0226816 -0.369662 -0.00454158 0.380937
0.88 0.5 -0.0228046 -0.370244 -0.00431836 0.379546
0.881 0.5 -0.0229218 -0.370797 -0.00409514 0.378157
0.882 0.5 -0.023033 -0.371318 -0.00387192 0.376771
0.883 0.5 -0.0231382 -0.37181 -0.0036487 0.375388
0.884 0.5 -0.0232376 -0.37227 -0.00342547 0.374008
0.885 0.5 -0.0233311 -0.372701 -0.00320225 0.37263
0.886 0.5 -0.0234186 -0.373101 -0.00297903 0.371255
0.887 0.5 -0.0235002 -0.37347 -0.00275581 0.369882
0.888 0.5 -0.0235759 -0.37381 -0.00253259 0.368513
0.889 0.5 -0.0236457 -0.374118 -0.00230937 0.367146
0.89 0.5 -0.0237096 -0.374397 -0.00208615 0.365781
0.891 0.5 -0.0237676 -0.374645 -0.00186292 0.36442
0.892 0.5 -0.0238196 -0.374862 -0.0016397 0.363061
0.893 0.5 -0.0238658 -0.375049 -0.00141648 0.361704
0.894 0.5 -0.023906 -0.375206 -0.00119326 0.360351
0.895 0.5 -0.0239403 -0.375332 -0.000970038 0.359
0.896 0.5 -0.0239687 -0.375428 -0.000746817 0.357651
0.897 0.5 -0.0239911 -0.375494 -0.000523595 0.356306
0.898 0.5 -0.0240077 -0.375529 -0.000300374 0.354963
0.899 0.5 -0.0240183 -0.375533 -7.71524e-05 0.353622
0.9 0.5 -0.024023 -0.375507 0.000146069 0.352285
0.901 0.5 -0.0240474 -0.375447 0.000310608 0.350961
0.902 0.5 -0.0240627 -0.375324 0.000475146 0.349651
0.903 0.5 -0.024069 -0.375139 0.000639685 0.348355
0.904 0.5 -0.0240662 -0.374892 0.000804223 0.347073
0.905 0.5 -0.0240544 -0.374582 0.000968761 0.345805
0.906 0.5 -0.0240335 -0.37421 0.0011333 0.344551
0.907 0.5 -0.0240036 -0.373775 0.00129784 0.343311
0.908 0.5 -0.0239646 -0.373278 0.00146238 0.342085
0.909 0.5 -0.0239166 -0.372719 0.00162692 0.340872
0.91 0.5 -0.0238595 -0.372097 0.00179145 0.339674
0.911 0.5 -0.0237934 -0.371413 0.00195599 0.338489
0.912 0.5 -0.0237182 -0.370666 0.00212053 0.337319
0.913 0.5 -0.0236339 -0.369857 0.00228507 0.336162
0.914 0.5 -0.0235406 -0.368986 0.00244961 0.335019
0.915 0.5 -0.0234383 -0.368052 0.00261415 0.333891
0.916 0.5 -0.0233269 -0.367056 0.00277868 0.332776
0.917 0.5 -0.0232065 -0.365997 0.00294322 0.331675
0.918 0.5 -0.023077 -0.364876 0.00310776 0.330588
0.919 0.5 -0.0229384 -0.363693 0.0032723 0.329515
0.92 0.5 -0.0227908 -0.362447 0.00343684 0.328456
0.921 0.5 -0.0226341 -0.361139 0.00360138 0.327411
0.922 0.5 -0.0224684 -0.359768 0.00376592 0.326379
0.923 0.5 -0.0222937 -0.358335 0.00393045 0.325362
0.924 0.5 -0.0221099 -0.35684 0.00409499 0.324359
0.925 0.5 -0.021917 -0.355282 0.00425953 0.323369
0.926 0.5 -0.0217151 -0.353662 0.00442407 0.322394
0.927 0.5 -0.0215041 -0.351979 0.00458861 0.321432
0.928 0.5 -0.0212841 -0.350234 0.00475315 0.320484
0.929 0.5 -0.021055 -0.348427 0.00491769 0.319551
0.93 0.5 -0.0208169 -0.346557 0.00508222 0.318631
0.931 0.5 -0.0205697 -0.344625 0.00524676 0.317725
0.932 0.5 -0.0203135 -0.34263 0.0054113 0.316833
0.933 0.5 -0.0200482 -0.340573 0.00557584 0.315955
0.934 0.5 -0.0197681 -0.338413 0.00567352 0.31511
0.935 0.5 -0.0194806 -0.336148 0.00573777 0.314291
0.936 0.5 -0.0191894 -0.333796 0.00580201 0.313489
0.937 0.5 -0.0188945 -0.331356 0.00586626 0.312705
0.938 0.5 -0.018596 -0.328829 0.00593051 0.311938
0.939 0.5 -0.0182938 -0.326214 0.00599476 0.311188
0.94 0.5 -0.0179879 -0.323511 0.00605901 0.310455
0.941 0.5 -0.0176784 -0.320721 0.00612326 0.309739
0.942 0.5 -0.0173652 -0.317843 0.00618751 0.309041
0.943 0.5 -0.0170483 -0.314878 0.00625175 0.30836
0.944 0.5 -0.0167278 -0.311826 0.006316 0.307696
0.945 0.5 -0.0164036 -0.308685 0.00638025 0.307049
0.946 0.5 -0.0160758 -0.305457 0.0064445 0.306419
0.947 0.5 -0.0157443 -0.302142 0.00650875 0.305807
0.948 0.5 -0.0154091 -0.298739 0.006573 0.305211
0.949 0.5 -0.0150703 -0.295249 0.00663724 0.304633
0.95 0.5 -0.0147278 -0.29167 0.00670149 0.304073
0.951 0.5 -0.0143816 -0.288005 0.00676574 0.303529
0.952 0.5 -0.0140318 -0.284252 0.00682999 0.303003
0.953 0.5 -0.0136783 -0.280411 0.00689424 0.302494
0.954 0.5 -0.0133211 -0.276482 0.00695849 0.302002
0.955 0.5 -0.0129603 -0.272467 0.00702274 0.301527
0.956 0.5 -0.0125958 -0.268363 0.00708698 0.301069
0.957 0.5 -0.0122277 -0.264172 0.00715123 0.300629
0.958 0.5 -0.0118559 -0.259894 0.00721548 0.300206
0.959 0.5 -0.0114804 -0.255527 0.00727973 0.2998
0.96 0.5 -0.0111013 -0.251074 0.00734398 0.299411
0.961 0.5 -0.0107185 -0.246532 0.00740823 0.29904
0.962 0.5 -0.010332 -0.241904 0.00747247 0.298685
0.963 0.5 -0.00994186 -0.237187 0.00753672 0.298348
0.964 0.5 -0.00954806 -0.232383 0.00760097 0.298028
0.965 0.5 -0.0091506 -0.227492 0.00766522 0.297725
0.966 0.5 -0.00874947 -0.222513 0.00772947 0.29744
0.967 0.5 -0.00832775 -0.21743 0.00776298 0.29718
0.968 0.5 -0.00787911 -0.212227 0.00773502 0.296948
0.969 0.5 -0.00744274 -0.206938 0.00770705 0.296725
0.97 0.5 -0.00701863 -0.201562 0.00767909 0.29651
0.971 0.5 -0.0066068 -0.1961 0.00765112 0.296304
0.972 0.5 -0.00620723 -0.190551 0.00762316 0.296106
0.973 0.5 -0.00581993 -0.184915 0.00759519 0.295916
0.974 0.5 -0.0054449 -0.179193 0.00756723 0.295735
0.975 0.5 -0.00508213 -0.173384 0.00753927 0.295562
0.976 0.5 -0.00473163 -0.167488 0.0075113 0.295397
0.977 0.5 -0.0043934 -0.161506 0.00748334 0.295241
0.978 0.5 -0.00406744 -0.155437 0.00745537 0.295093
0.979 0.5 -0.00375375 -0.149282 0.00742741 0.294953
0.98 0.5 -0.00345232 -0.143039 0.00739945 0.294822
0.981 0.5 -0.00316316 -0.136711 0.00737148 0.294699
0.982 0.5 -0.00288627 -0.130295 0.00734352 0.294585
0.983 0.5 -0.00262164 -0.123793 0.00731555 0.294479
0.984 0.5 -0.00236929 -0.117204 0.00728759 0.294381
0.985 0.5 -0.0021292 -0.110529 0.00725963 0.294292
0.986 0.5 -0.00190138 -0.103767 0.00723166 0.294211
0.987 0.5 -0.00168583 -0.0969179 0.0072037 0.294139
0.988 0.5 -0.00148254 -0.0899826 0.00717573 0.294074
0.989 0.5 -0.00129152 -0.0829605 0.00714777 0.294019
0.99 0.5 -0.00111277 -0.0758519 0.0071198 0.293971
0.991 0.5 -0.000946292 -0.0686566 0.00709184 0.293932
0.992 0.5 -0.000792077 -0.0613747 0.00706388 0.293902
0.993 0.5 -0.000650131 -0.0540061 0.00703591 0.293879
0.994 0.5 -0.000520452 -0.0465509 0.00700795 0.293865
0.995 0.5 -0.000403041 -0.039009 0.00697998 0.29386
0.996 0.5 -0.000297897 -0.0313805 0.00695202 0.293863
0.997 0.5 -0.000205021 -0.0236653 0.00692406 0.293874
0.998 0.5 -0.000124413 -0.0158635 0.00689609 0.293894
0.999 0.5 -5.60727e-05 -0.00797509 0.00686813 0.293921
1 0.5 7.40263e-35 -2.35834e-34 0.00684016 0.293958
