0 0.5 -1.98737e-34 3.17294e-34 0.0179785 0.742984
0.001 0.5 1.24071e-05 0.00337764 0.0180179 0.742992
0.002 0.5 2.96215e-05 0.00673089 0.0180573 0.743
0.003 0.5 5.16432e-05 0.0100598 0.0180968 0.743006
0.004 0.5 7.84723e-05 0.0133642 0.0181362 0.743012
0.005 0.5 0.000110109 0.0166443 0.0181756 0.743017
0.006 0.5 0.000146552 0.0199001 0.018215 0.743021
0.007 0.5 0.000187803 0.0231314 0.0182544 0.743025
0.008 0.5 0.000233862 0.0263383 0.0182939 0.743027
0.009 0.5 0.000284727 0.0295209 0.0183333 0.743029
0.01 0.5 0.0003404 0.0326791 0.0183727 0.74303
0.011 0.5 0.00040088 0.0358129 0.0184121 0.74303
0.012 0.5 0.000466168 0.0389223 0.0184515 0.743029
0.013 0.5 0.000536263 0.0420073 0.018491 0.743028
0.014 0.5 0.000611165 0.0450679 0.0185304 0.743025
0.015 0.5 0.000690875 0.0481042 0.0185698 0.743022
0.016 0.5 0.000775391 0.051116 0.0186092 0.743018
0.017 0.5 0.000864716 0.0541035 0.0186486 0.743013
0.018 0.5 0.000958847 0.0570666 0.018688 0.743007
0.019 0.5 0.00105779 0.0600053 0.0187275 0.743
0.02 0.5 0.00116153 0.0629197 0.0187669 0.742993
0.021 0.5 0.00127009 0.0658096 0.0188063 0.742985
0.022 0.5 0.00138345 0.0686752 0.0188457 0.742976
0.023 0.5 0.00150161 0.0715163 0.0188851 0.742966
0.024 0.5 0.00162459 0.0743331 0.0189246 0.742955
0.025 0.5 0.00175237 0.0771255 0.018964 0.742944
0.026 0.5 0.00188496 0.0798936 0.0190034 0.742931
0.027 0.5 0.00202236 0.0826372 0.0190428 0.742918
0.028 0.5 0.00216456 0.0853564 0.0190822 0.742904
0.029 0.5 0.00231158 0.0880513 0.0191217 0.742889
0.03 0.5 0.0024634 0.0907218 0.0191611 0.742873
0.031 0.5 0.00262002 0.0933679 0.0192005 0.742857
0.032 0.5 0.00278146 0.0959896 0.0192399 0.742839
0.033 0.5 0.0029477 0.0985869 0.0192793 0.742821
0.034 0.5 0.00311441 0.101162 0.0192919 0.7428
0.035 0.5 0.00328107 0.103714 0.019291 0.742775
0.036 0.5 0.00344933 0.106245 0.0192901 0.742746
0.037 0.5 0.00361918 0.108753 0.0192892 0.742714
0.038 0.5 0.00379063 0.111239 0.0192883 0.742679
0.039 0.5 0.00396367 0.113703 0.0192873 0.742641
0.04 0.5 0.00413829 0.116144 0.0192864 0.742599
0.041 0.5 0.00431452 0.118563 0.0192855 0.742554
0.042 0.5 0.00449233 0.12096 0.0192846 0.742506
0.043 0.5 0.00467174 0.123334 0.0192837 0.742454
0.044 0.5 0.00485274 0.125687 0.0192828 0.7424
0.045 0.5 0.00503533 0.128017 0.0192819 0.742342
0.046 0.5 0.00521951 0.130324 0.019281 0.74228
0.047 0.5 0.00540529 0.13261 0.0192801 0.742216
0.048 0.5 0.00559265 0.134873 0.0192792 0.742148
0.049 0.5 0.00578162 0.137114 0.0192783 0.742077
0.05 0.5 0.00597217 0.139332 0.0192774 0.742002
0.051 0.5 0.00616431 0.141528 0.0192765 0.741925
0.052 0.5 0.00635805 0.143702 0.0192756 0.741844
0.053 0.5 0.00655338 0.145854 0.0192747 0.74176
0.054 0.5 0.00675031 0.147984 0.0192738 0.741672
0.055 0.5 0.00694882 0.150091 0.0192729 0.741581
0.056 0.5 0.00714893 0.152175 0.019272 0.741487
0.057 0.5 0.00735063 0.154238 0.0192711 0.74139
0.058 0.5 0.00755392 0.156278 0.0192702 0.741289
0.059 0.5 0.00775881 0.158296 0.0192693 0.741186
0.06 0.5 0.00796528 0.160292 0.0192684 0.741078
0.061 0.5 0.00817335 0.162265 0.0192675 0.740968
0.062 0.5 0.00838302 0.164217 0.0192666 0.740854
0.063 0.5 0.00859427 0.166146 0.0192657 0.740737
0.064 0.5 0.00880712 0.168052 0.0192648 0.740617
0.065 0.5 0.00902156 0.169936 0.0192639 0.740494
0.066 0.5 0.00923759 0.171798 0.019263 0.740367
0.067 0.5 0.00945353 0.173638 0.0192457 0.740236
0.068 0.5 0.00966623 0.175455 0.0191957 0.740099
0.069 0.5 0.00987832 0.177252 0.0191457 0.739957
0.07 0.5 0.0100898 0.17903 0.0190957 0.739811
0.071 0.5 0.0103007 0.180786 0.0190457 0.73966
0.072 0.5 0.010511 0.182523 0.0189957 0.739504
0.073 0.5 0.0107207 0.184239 0.0189457 0.739344
0.074 0.5 0.0109298 0.185936 0.0188957 0.739179
0.075 0.5 0.0111382 0.187611 0.0188456 0.73901
0.076 0.5 0.0113461 0.189267 0.0187956 0.738836
0.077 0.5 0.0115534 0.190903 0.0187456 0.738657
0.078 0.5 0.0117601 0.192518 0.0186956 0.738473
0.079 0.5 0.0119661 0.194113 0.0186456 0.738285
0.08 0.5 0.0121716 0.195688 0.0185956 0.738092
0.081 0.5 0.0123765 0.197243 0.0185456 0.737895
0.082 0.5 0.0125807 0.198777 0.0184956 0.737693
0.083 0.5 0.0127844 0.200291 0.0184456 0.737486
0.084 0.5 0.0129874 0.201785 0.0183956 0.737275
0.085 0.5 0.0131899 0.203259 0.0183456 0.737059
0.086 0.5 0.0133917 0.204712 0.0182956 0.736838
0.087 0.5 0.013593 0.206146 0.0182456 0.736613
0.088 0.5 0.0137936 0.207559 0.0181956 0.736383
0.089 0.5 0.0139937 0.208952 0.0181455 0.736148
0.09 0.5 0.0141931 0.210324 0.0180955 0.735909
0.091 0.5 0.0143919 0.211677 0.0180455 0.735665
0.092 0.5 0.0145902 0.213009 0.0179955 0.735417
0.093 0.5 0.0147878 0.214321 0.0179455 0.735164
0.094 0.5 0.0149848 0.215613 0.0178955 0.734906
0.095 0.5 0.0151812 0.216884 0.0178455 0.734643
0.096 0.5 0.0153771 0.218136 0.0177955 0.734376
0.097 0.5 0.0155723 0.219367 0.0177455 0.734104
0.098 0.5 0.0157669 0.220578 0.0176955 0.733828
0.099 0.5 0.0159609 0.221768 0.0176455 0.733547
0.1 0.5 0.0161543 0.222939 0.0175955 0.733261
0.101 0.5 0.0163444 0.224088 0.0174928 0.732969
0.102 0.5 0.0165327 0.22522 0.0173901 0.732671
0.103 0.5 0.0167192 0.226334 0.0172875 0.732368
0.104 0.5 0.016904 0.227431 0.0171848 0.732061
0.105 0.5 0.0170869 0.228511 0.0170822 0.731748
0.106 0.5 0.0172681 0.229573 0.0169795 0.731431
0.107 0.5 0.0174475 0.230617 0.0168768 0.731109
0.108 0.5 0.0176251 0.231644 0.0167742 0.730781
0.109 0.5 0.0178009 0.232653 0.0166715 0.730449
0.11 0.5 0.017975 0.233645 0.0165689 0.730112
0.111 0.5 0.0181472 0.234619 0.0164662 0.72977
0.112 0.5 0.0183177 0.235576 0.0163636 0.729422
0.113 0.5 0.0184864 0.236516 0.0162609 0.72907
0.114 0.5 0.0186533 0.237438 0.0161582 0.728713
0.115 0.5 0.0188185 0.238342 0.0160556 0.728351
0.116 0.5 0.0189818 0.239229 0.0159529 0.727984
0.117 0.5 0.0191434 0.240098 0.0158503 0.727613
0.118 0.5 0.0193032 0.24095 0.0157476 0.727236
0.119 0.5 0.0194612 0.241785 0.0156449 0.726854
0.12 0.5 0.0196174 0.242601 0.0155423 0.726467
0.121 0.5 0.0197718 0.243401 0.0154396 0.726076
0.122 0.5 0.0199245 0.244183 0.015337 0.725679
0.123 0.5 0.0200754 0.244947 0.0152343 0.725277
0.124 0.5 0.0202245 0.245694 0.0151316 0.724871
0.125 0.5 0.0203718 0.246423 0.015029 0.724459
0.126 0.5 0.0205173 0.247135 0.0149263 0.724043
0.127 0.5 0.020661 0.24783 0.0148237 0.723621
0.128 0.5 0.020803 0.248506 0.014721 0.723195
0.129 0.5 0.0209432 0.249166 0.0146183 0.722764
0.13 0.5 0.0210816 0.249808 0.0145157 0.722328
0.131 0.5 0.0212182 0.250432 0.014413 0.721886
0.132 0.5 0.021353 0.251039 0.0143104 0.72144
0.133 0.5 0.0214861 0.251628 0.0142077 0.720989
0.134 0.5 0.0216177 0.2522 0.0140726 0.720532
0.135 0.5 0.0217475 0.252757 0.0139213 0.72007
0.136 0.5 0.0218751 0.253299 0.01377 0.719604
0.137 0.5 0.0220006 0.253827 0.0136187 0.719134
0.138 0.5 0.0221239 0.254341 0.0134674 0.718659
0.139 0.5 0.022245 0.25484 0.0133161 0.71818
0.14 0.5 0.022364 0.255325 0.0131648 0.717696
0.141 0.5 0.0224808 0.255796 0.0130135 0.717208
0.142 0.5 0.0225955 0.256253 0.0128622 0.716716
0.143 0.5 0.022708 0.256695 0.0127109 0.716219
0.144 0.5 0.0228183 0.257123 0.0125596 0.715718
0.145 0.5 0.0229265 0.257537 0.0124083 0.715213
0.146 0.5 0.0230325 0.257936 0.012257 0.714703
0.147 0.5 0.0231364 0.258321 0.0121057 0.714189
0.148 0.5 0.0232381 0.258692 0.0119544 0.713671
0.149 0.5 0.0233377 0.259048 0.0118031 0.713148
0.15 0.5 0.0234351 0.259391 0.0116518 0.712621
0.151 0.5 0.0235304 0.259718 0.0115005 0.71209
0.152 0.5 0.0236235 0.260032 0.0113492 0.711554
0.153 0.5 0.0237144 0.260331 0.0111979 0.711014
0.154 0.5 0.0238032 0.260616 0.0110466 0.71047
0.155 0.5 0.0238898 0.260887 0.0108953 0.709921
0.156 0.5 0.0239743 0.261143 0.010744 0.709368
0.157 0.5 0.0240566 0.261385 0.0105927 0.708811
0.158 0.5 0.0241368 0.261613 0.0104414 0.708249
0.159 0.5 0.0242148 0.261826 0.0102901 0.707683
0.16 0.5 0.0242906 0.262026 0.0101388 0.707112
0.161 0.5 0.0243643 0.262211 0.00998753 0.706538
0.162 0.5 0.0244359 0.262381 0.00983623 0.705958
0.163 0.5 0.0245052 0.262537 0.00968493 0.705375
0.164 0.5 0.0245725 0.262679 0.00953363 0.704787
0.165 0.5 0.0246375 0.262807 0.00938233 0.704195
0.166 0.5 0.0247004 0.26292 0.00923103 0.703598
0.167 0.5 0.0247621 0.263019 0.00906702 0.702997
0.168 0.5 0.0248238 0.263106 0.00887758 0.702392
0.169 0.5 0.0248834 0.263182 0.00868814 0.701784
0.17 0.5 0.024941 0.263247 0.0084987 0.701173
0.171 0.5 0.0249967 0.263301 0.00830926 0.700559
0.172 0.5 0.0250503 0.263344 0.00811982 0.699942
0.173 0.5 0.0251019 0.263376 0.00793038 0.699321
0.174 0.5 0.0251516 0.263397 0.00774094 0.698698
0.175 0.5 0.0251992 0.263406 0.0075515 0.698071
0.176 0.5 0.0252449 0.263405 0.00736206 0.697442
0.177 0.5 0.0252885 0.263392 0.00717262 0.696809
0.178 0.5 0.0253302 0.263369 0.00698319 0.696173
0.179 0.5 0.0253698 0.263335 0.00679375 0.695534
0.18 0.5 0.0254075 0.263289 0.00660431 0.694892
0.181 0.5 0.0254432 0.263232 0.00641487 0.694246
0.182 0.5 0.0254768 0.263165 0.00622543 0.693598
0.183 0.5 0.0255085 0.263086 0.00603599 0.692947
0.184 0.5 0.0255382 0.262996 0.00584655 0.692292
0.185 0.5 0.0255659 0.262895 0.00565711 0.691634
0.186 0.5 0.0255916 0.262783 0.00546767 0.690974
0.187 0.5 0.0256152 0.262661 0.00527823 0.69031
0.188 0.5 0.0256369 0.262527 0.00508879 0.689643
0.189 0.5 0.0256566 0.262382 0.00489935 0.688973
0.19 0.5 0.0256743 0.262225 0.00470991 0.6883
0.191 0.5 0.02569 0.262058 0.00452047 0.687623
0.192 0.5 0.0257037 0.26188 0.00433103 0.686944
0.193 0.5 0.0257154 0.261691 0.00414159 0.686261
0.194 0.5 0.0257252 0.261491 0.00395215 0.685576
0.195 0.5 0.0257329 0.261279 0.00376271 0.684887
0.196 0.5 0.0257386 0.261057 0.00357327 0.684195
0.197 0.5 0.0257423 0.260823 0.00338383 0.6835
0.198 0.5 0.025744 0.260579 0.00319439 0.682802
0.199 0.5 0.0257438 0.260323 0.00300495 0.682101
0.2 0.5 0.0257415 0.260057 0.00281551 0.681397
0.201 0.5 0.0257416 0.259781 0.00260205 0.680691
0.202 0.5 0.0257401 0.259497 0.00238859 0.679983
0.203 0.5 0.0257371 0.259205 0.00217513 0.679273
0.204 0.5 0.0257324 0.258905 0.00196167 0.678562
0.205 0.5 0.0257262 0.258596 0.00174821 0.677849
0.206 0.5 0.0257185 0.25828 0.00153475 0.677135
0.207 0.5 0.0257092 0.257955 0.00132129 0.676419
0.208 0.5 0.0256983 0.257623 0.00110783 0.675702
0.209 0.5 0.0256858 0.257282 0.000894374 0.674983
0.21 0.5 0.0256717 0.256933 0.000680914 0.674262
0.211 0.5 0.0256561 0.256576 0.000467455 0.67354
0.212 0.5 0.0256389 0.256211 0.000253995 0.672816
0.213 0.5 0.0256202 0.255838 4.05351e-05 0.672091
0.214 0.5 0.0255999 0.255456 -0.000172925 0.671364
0.215 0.5 0.025578 0.255067 -0.000386384 0.670636
0.216 0.5 0.0255545 0.254669 -0.000599844 0.669906
0.217 0.5 0.0255295 0.254263 -0.000813304 0.669174
0.218 0.5 0.0255029 0.253849 -0.00102676 0.668441
0.219 0.5 0.0254747 0.253427 -0.00124022 0.667706
0.22 0.5 0.025445 0.252997 -0.00145368 0.66697
0.221 0.5 0.0254137 0.252559 -0.00166714 0.666232
0.222 0.5 0.0253808 0.252113 -0.0018806 0.665492
0.223 0.5 0.0253464 0.251658 -0.00209406 0.664751
0.224 0.5 0.0253104 0.251196 -0.00230752 0.664008
0.225 0.5 0.0252728 0.250725 -0.00252098 0.663264
0.226 0.5 0.0252336 0.250246 -0.00273444 0.662518
0.227 0.5 0.0251929 0.249759 -0.0029479 0.661771
0.228 0.5 0.0251506 0.249264 -0.00316136 0.661022
0.229 0.5 0.0251067 0.248761 -0.00337482 0.660271
0.23 0.5 0.0250613 0.24825 -0.00358828 0.659519
0.231 0.5 0.0250143 0.24773 -0.00380174 0.658765
0.232 0.5 0.0249657 0.247203 -0.0040152 0.65801
0.233 0.5 0.0249156 0.246667 -0.00422866 0.657253
0.234 0.5 0.024867 0.246125 -0.00444813 0.656496
0.235 0.5 0.0248188 0.245576 -0.00467061 0.655738
0.236 0.5 0.0247695 0.245022 -0.00489308 0.654981
0.237 0.5 0.0247192 0.244462 -0.00511556 0.654223
0.238 0.5 0.0246677 0.243897 -0.00533803 0.653465
0.239 0.5 0.0246153 0.243326 -0.00556051 0.652707
0.24 0.5 0.0245617 0.242749 -0.00578298 0.651949
0.241 0.5 0.024507 0.242167 -0.00600546 0.651191
0.242 0.5 0.0244513 0.241578 -0.00622794 0.650433
0.243 0.5 0.0243945 0.240984 -0.00645041 0.649675
0.244 0.5 0.0243367 0.240385 -0.00667289 0.648917
0.245 0.5 0.0242777 0.239779 -0.00689536 0.648158
0.246 0.5 0.0242177 0.239168 -0.00711784 0.6474
0.247 0.5 0.0241566 0.238552 -0.00734031 0.646641
0.248 0.5 0.0240944 0.237929 -0.00756279 0.645882
0.249 0.5 0.0240312 0.237301 -0.00778527 0.645123
0.25 0.5 0.0239669 0.236667 -0.00800774 0.644364
0.251 0.5 0.0239015 0.236028 -0.00823022 0.643605
0.252 0.5 0.023835 0.235383 -0.00845269 0.642846
0.253 0.5 0.0237674 0.234732 -0.00867517 0.642087
0.254 0.5 0.0236988 0.234075 -0.00889764 0.641328
0.255 0.5 0.0236291 0.233413 -0.00912012 0.640568
0.256 0.5 0.0235584 0.232745 -0.0093426 0.639809
0.257 0.5 0.0234865 0.232071 -0.00956507 0.639049
0.258 0.5 0.0234136 0.231392 -0.00978755 0.638289
0.259 0.5 0.0233396 0.230707 -0.01001 0.637529
0.26 0.5 0.0232645 0.230016 -0.0102325 0.636769
0.261 0.5 0.0231884 0.22932 -0.010455 0.636009
0.262 0.5 0.0231112 0.228618 -0.0106774 0.635249
0.263 0.5 0.0230329 0.22791 -0.0108999 0.634489
0.264 0.5 0.0229535 0.227196 -0.0111224 0.633728
0.265 0.5 0.0228731 0.226477 -0.0113449 0.632968
0.266 0.5 0.0227915 0.225752 -0.0115674 0.632207
0.267 0.5 0.0227104 0.225022 -0.0117882 0.631447
0.268 0.5 0.0226314 0.224288 -0.0120058 0.630689
0.269 0.5 0.0225517 0.22355 -0.0122233 0.629931
0.27 0.5 0.0224714 0.222808 -0.0124409 0.629175
0.271 0.5 0.0223905 0.222063 -0.0126585 0.62842
0.272 0.5 0.0223089 0.221314 -0.0128761 0.627666
0.273 0.5 0.0222267 0.22056 -0.0130937 0.626912
0.274 0.5 0.0221439 0.219804 -0.0133112 0.62616
0.275 0.5 0.0220604 0.219043 -0.0135288 0.62541
0.276 0.5 0.0219763 0.218278 -0.0137464 0.62466
0.277 0.5 0.0218916 0.21751 -0.013964 0.623911
0.278 0.5 0.0218062 0.216738 -0.0141815 0.623163
0.279 0.5 0.0217203 0.215962 -0.0143991 0.622417
0.28 0.5 0.0216336 0.215182 -0.0146167 0.621671
0.281 0.5 0.0215464 0.214398 -0.0148343 0.620927
0.282 0.5 0.0214585 0.21361 -0.0150518 0.620183
0.283 0.5 0.02137 0.212819 -0.0152694 0.619441
0.284 0.5 0.0212808 0.212024 -0.015487 0.6187
0.285 0.5 0.021191 0.211225 -0.0157046 0.61796
0.286 0.5 0.0211006 0.210422 -0.0159221 0.617221
0.287 0.5 0.0210096 0.209615 -0.0161397 0.616483
0.288 0.5 0.0209179 0.208805 -0.0163573 0.615746
0.289 0.5 0.0208256 0.207991 -0.0165749 0.61501
0.29 0.5 0.0207326 0.207172 -0.0167924 0.614275
0.291 0.5 0.020639 0.20635 -0.01701 0.613541
0.292 0.5 0.0205448 0.205525 -0.0172276 0.612809
0.293 0.5 0.02045 0.204695 -0.0174452 0.612077
0.294 0.5 0.0203545 0.203861 -0.0176628 0.611347
0.295 0.5 0.0202584 0.203024 -0.0178803 0.610618
0.296 0.5 0.0201616 0.202183 -0.0180979 0.609889
0.297 0.5 0.0200642 0.201338 -0.0183155 0.609162
0.298 0.5 0.0199662 0.200489 -0.0185331 0.608436
0.299 0.5 0.0198676 0.199637 -0.0187506 0.607711
0.3 0.5 0.0197683 0.19878 -0.0189682 0.606987
0.301 0.5 0.0196723 0.197922 -0.0191691 0.606266
0.302 0.5 0.0195759 0.19706 -0.01937 0.605547
0.303 0.5 0.0194793 0.196197 -0.0195709 0.60483
0.304 0.5 0.0193823 0.195331 -0.0197718 0.604114
0.305 0.5 0.0192851 0.194462 -0.0199728 0.6034
0.306 0.5 0.0191875 0.193591 -0.0201737 0.602688
0.307 0.5 0.0190897 0.192717 -0.0203746 0.601978
0.308 0.5 0.0189916 0.191841 -0.0205755 0.60127
0.309 0.5 0.0188931 0.190963 -0.0207764 0.600564
0.31 0.5 0.0187944 0.190082 -0.0209773 0.599859
0.311 0.5 0.0186954 0.189199 -0.0211782 0.599157
0.312 0.5 0.0185961 0.188313 -0.0213791 0.598456
0.313 0.5 0.0184965 0.187425 -0.02158 0.597757
0.314 0.5 0.0183966 0.186534 -0.0217809 0.59706
0.315 0.5 0.0182964 0.185641 -0.0219819 0.596365
0.316 0.5 0.0181959 0.184745 -0.0221828 0.595671
0.317 0.5 0.0180951 0.183847 -0.0223837 0.59498
0.318 0.5 0.017994 0.182947 -0.0225846 0.59429
0.319 0.5 0.0178926 0.182044 -0.0227855 0.593602
0.32 0.5 0.017791 0.181138 -0.0229864 0.592916
0.321 0.5 0.017689 0.18023 -0.0231873 0.592231
0.322 0.5 0.0175867 0.17932 -0.0233882 0.591549
0.323 0.5 0.0174842 0.178407 -0.0235891 0.590869
0.324 0.5 0.0173813 0.177492 -0.02379 0.59019
0.325 0.5 0.0172781 0.176574 -0.0239909 0.589513
0.326 0.5 0.0171747 0.175654 -0.0241919 0.588838
0.327 0.5 0.017071 0.174731 -0.0243928 0.588165
0.328 0.5 0.0169669 0.173806 -0.0245937 0.587493
0.329 0.5 0.0168626 0.172878 -0.0247946 0.586824
0.33 0.5 0.0167579 0.171948 -0.0249955 0.586156
0.331 0.5 0.016653 0.171016 -0.0251964 0.58549
0.332 0.5 0.0165478 0.170081 -0.0253973 0.584826
0.333 0.5 0.0164423 0.169144 -0.0255982 0.584164
0.334 0.5 0.0163385 0.168204 -0.0257818 0.583505
0.335 0.5 0.0162356 0.167264 -0.0259568 0.582848
0.336 0.5 0.0161326 0.166322 -0.0261318 0.582193
0.337 0.5 0.0160295 0.165378 -0.0263068 0.581541
0.338 0.5 0.0159264 0.164433 -0.0264817 0.58089
0.339 0.5 0.0158232 0.163487 -0.0266567 0.580242
0.34 0.5 0.01572 0.162539 -0.0268317 0.579596
0.341 0.5 0.0156166 0.161589 -0.0270066 0.578952
0.342 0.5 0.0155132 0.160638 -0.0271816 0.578311
0.343 0.5 0.0154097 0.159686 -0.0273566 0.577671
0.344 0.5 0.0153062 0.158732 -0.0275316 0.577034
0.345 0.5 0.0152025 0.157776 -0.0277065 0.576398
0.346 0.5 0.0150988 0.156819 -0.0278815 0.575765
0.347 0.5 0.014995 0.155861 -0.0280565 0.575134
0.348 0.5 0.0148912 0.154901 -0.0282315 0.574506
0.349 0.5 0.0147872 0.153939 -0.0284064 0.573879
0.35 0.5 0.0146832 0.152976 -0.0285814 0.573255
0.351 0.5 0.0145792 0.152012 -0.0287564 0.572632
0.352 0.5 0.014475 0.151046 -0.0289313 0.572012
0.353 0.5 0.0143708 0.150078 -0.0291063 0.571394
0.354 0.5 0.0142665 0.149109 -0.0292813 0.570778
0.355 0.5 0.0141621 0.148139 -0.0294563 0.570165
0.356 0.5 0.0140577 0.147167 -0.0296312 0.569553
0.357 0.5 0.0139531 0.146193 -0.0298062 0.568944
0.358 0.5 0.0138485 0.145218 -0.0299812 0.568337
0.359 0.5 0.0137439 0.144242 -0.0301561 0.567732
0.36 0.5 0.0136391 0.143264 -0.0303311 0.567129
0.361 0.5 0.0135343 0.142284 -0.0305061 0.566528
0.362 0.5 0.0134294 0.141303 -0.0306811 0.56593
0.363 0.5 0.0133244 0.140321 -0.030856 0.565333
0.364 0.5 0.0132194 0.139337 -0.031031 0.564739
0.365 0.5 0.0131143 0.138351 -0.031206 0.564147
0.366 0.5 0.0130091 0.137364 -0.031381 0.563557
0.367 0.5 0.0129046 0.136376 -0.031545 0.56297
0.368 0.5 0.0128016 0.135387 -0.0316872 0.562385
0.369 0.5 0.0126986 0.134397 -0.0318293 0.561803
0.37 0.5 0.0125957 0.133406 -0.0319715 0.561222
0.371 0.5 0.0124928 0.132415 -0.0321136 0.560644
0.372 0.5 0.01239 0.131423 -0.0322558 0.560068
0.373 0.5 0.0122872 0.130429 -0.032398 0.559494
0.374 0.5 0.0121845 0.129435 -0.0325401 0.558921
0.375 0.5 0.0120818 0.12844 -0.0326823 0.558352
0.376 0.5 0.0119792 0.127445 -0.0328245 0.557784
0.377 0.5 0.0118766 0.126448 -0.0329666 0.557218
0.378 0.5 0.0117741 0.12545 -0.0331088 0.556654
0.379 0.5 0.0116716 0.124452 -0.0332509 0.556092
0.38 0.5 0.0115691 0.123453 -0.0333931 0.555533
0.381 0.5 0.0114667 0.122453 -0.0335353 0.554975
0.382 0.5 0.0113644 0.121452 -0.0336774 0.55442
0.383 0.5 0.011262 0.12045 -0.0338196 0.553867
0.384 0.5 0.0111598 0.119447 -0.0339618 0.553315
0.385 0.5 0.0110576 0.118443 -0.0341039 0.552766
0.386 0.5 0.0109554 0.117439 -0.0342461 0.552219
0.387 0.5 0.0108533 0.116434 -0.0343882 0.551674
0.388 0.5 0.0107512 0.115428 -0.0345304 0.551131
0.389 0.5 0.0106492 0.114421 -0.0346726 0.550591
0.39 0.5 0.0105472 0.113413 -0.0348147 0.550052
0.391 0.5 0.0104452 0.112404 -0.0349569 0.549515
0.392 0.5 0.0103433 0.111394 -0.0350991 0.548981
0.393 0.5 0.0102415 0.110384 -0.0352412 0.548448
0.394 0.5 0.0101397 0.109373 -0.0353834 0.547918
0.395 0.5 0.0100379 0.10836 -0.0355255 0.54739
0.396 0.5 0.00993623 0.107347 -0.0356677 0.546863
0.397 0.5 0.00983457 0.106334 -0.0358099 0.546339
0.398 0.5 0.00973295 0.105319 -0.035952 0.545817
0.399 0.5 0.00963138 0.104303 -0.0360942 0.545297
0.4 0.5 0.00952986 0.103287 -0.0362364 0.544779
0.401 0.5 0.00942997 0.10227 -0.0363409 0.544264
0.402 0.5 0.00933017 0.101253 -0.0364455 0.543751
0.403 0.5 0.00923046 0.100235 -0.03655 0.543239
0.404 0.5 0.00913083 0.099217 -0.0366546 0.542729
0.405 0.5 0.00903129 0.0981984 -0.0367592 0.54222
0.406 0.5 0.00893184 0.0971794 -0.0368637 0.541714
0.407 0.5 0.00883247 0.0961599 -0.0369683 0.541209
0.408 0.5 0.0087332 0.09514 -0.0370728 0.540705
0.409 0.5 0.00863401 0.0941196 -0.0371774 0.540204
0.41 0.5 0.00853491 0.0930988 -0.037282 0.539704
0.411 0.5 0.00843589 0.0920775 -0.0373865 0.539206
0.412 0.5 0.00833697 0.0910557 -0.0374911 0.538709
0.413 0.5 0.00823813 0.0900335 -0.0375956 0.538215
0.414 0.5 0.00813938 0.0890108 -0.0377002 0.537722
0.415 0.5 0.00804072 0.0879877 -0.0378048 0.53723
0.416 0.5 0.00794214 0.0869641 -0.0379093 0.536741
0.417 0.5 0.00784365 0.0859401 -0.0380139 0.536253
0.418 0.5 0.00774525 0.0849155 -0.0381185 0.535766
0.419 0.5 0.00764694 0.0838906 -0.038223 0.535282
0.42 0.5 0.00754871 0.0828652 -0.0383276 0.534799
0.421 0.5 0.00745058 0.0818393 -0.0384321 0.534318
0.422 0.5 0.00735253 0.0808129 -0.0385367 0.533838
0.423 0.5 0.00725456 0.0797861 -0.0386413 0.533361
0.424 0.5 0.00715669 0.0787589 -0.0387458 0.532885
0.425 0.5 0.0070589 0.0777312 -0.0388504 0.53241
0.426 0.5 0.0069612 0.076703 -0.0389549 0.531938
0.427 0.5 0.00686359 0.0756744 -0.0390595 0.531467
0.428 0.5 0.00676607 0.0746453 -0.0391641 0.530997
0.429 0.5 0.00666863 0.0736157 -0.0392686 0.53053
0.43 0.5 0.00657128 0.0725857 -0.0393732 0.530064
0.431 0.5 0.00647402 0.0715553 -0.0394777 0.5296
0.432 0.5 0.00637684 0.0705244 -0.0395823 0.529138
0.433 0.5 0.00627976 0.069493 -0.0396869 0.528677
0.434 0.5 0.00618341 0.0684614 -0.0397643 0.528218
0.435 0.5 0.00608747 0.0674297 -0.0398282 0.527761
0.436 0.5 0.0059916 0.0663978 -0.039892 0.527304
0.437 0.5 0.00589581 0.0653656 -0.0399559 0.526849
0.438 0.5 0.00580009 0.0643333 -0.0400198 0.526395
0.439 0.5 0.00570444 0.0633007 -0.0400836 0.525942
0.44 0.5 0.00560887 0.0622679 -0.0401475 0.52549
0.441 0.5 0.00551337 0.0612349 -0.0402114 0.525039
0.442 0.5 0.00541794 0.0602017 -0.0402752 0.524589
0.443 0.5 0.00532259 0.0591683 -0.0403391 0.52414
0.444 0.5 0.00522731 0.0581346 -0.040403 0.523693
0.445 0.5 0.00513211 0.0571008 -0.0404669 0.523246
0.446 0.5 0.00503698 0.0560667 -0.0405307 0.522801
0.447 0.5 0.00494192 0.0550324 -0.0405946 0.522357
0.448 0.5 0.00484694 0.0539979 -0.0406585 0.521914
0.449 0.5 0.00475203 0.0529632 -0.0407223 0.521472
0.45 0.5 0.0046572 0.0519283 -0.0407862 0.521031
0.451 0.5 0.00456244 0.0508932 -0.0408501 0.520591
0.452 0.5 0.00446775 0.0498578 -0.0409139 0.520152
0.453 0.5 0.00437314 0.0488223 -0.0409778 0.519715
0.454 0.5 0.0042786 0.0477865 -0.0410417 0.519278
0.455 0.5 0.00418413 0.0467505 -0.0411056 0.518843
0.456 0.5 0.00408974 0.0457143 -0.0411694 0.518408
0.457 0.5 0.00399542 0.0446779 -0.0412333 0.517975
0.458 0.5 0.00390118 0.0436413 -0.0412972 0.517543
0.459 0.5 0.00380701 0.0426045 -0.041361 0.517112
0.46 0.5 0.00371291 0.0415674 -0.0414249 0.516682
0.461 0.5 0.00361889 0.0405302 -0.0414888 0.516254
0.462 0.5 0.00352494 0.0394927 -0.0415527 0.515826
0.463 0.5 0.00343107 0.038455 -0.0416165 0.515399
0.464 0.5 0.00333727 0.0374171 -0.0416804 0.514974
0.465 0.5 0.00324354 0.036379 -0.0417443 0.514549
0.466 0.5 0.00314989 0.0353407 -0.0418081 0.514126
0.467 0.5 0.00305646 0.0343022 -0.0418579 0.513704
0.468 0.5 0.00296339 0.0332637 -0.0418793 0.513283
0.469 0.5 0.00287035 0.0322251 -0.0419008 0.512862
0.47 0.5 0.00277734 0.0311865 -0.0419223 0.512441
0.471 0.5 0.00268435 0.0301479 -0.0419438 0.512021
0.472 0.5 0.0025914 0.0291091 -0.0419652 0.511601
0.473 0.5 0.00249847 0.0280703 -0.0419867 0.511182
0.474 0.5 0.00240557 0.0270315 -0.0420082 0.510762
0.475 0.5 0.00231269 0.0259926 -0.0420296 0.510344
0.476 0.5 0.00221985 0.0249536 -0.0420511 0.509925
0.477 0.5 0.00212703 0.0239146 -0.0420726 0.509507
0.478 0.5 0.00203424 0.0228755 -0.0420941 0.50909
0.479 0.5 0.00194148 0.0218363 -0.0421155 0.508673
0.48 0.5 0.00184875 0.0207971 -0.042137 0.508256
0.481 0.5 0.00175604 0.0197578 -0.0421585 0.507839
0.482 0.5 0.00166337 0.0187185 -0.0421799 0.507423
0.483 0.5 0.00157072 0.0176791 -0.0422014 0.507008
0.484 0.5 0.0014781 0.0166396 -0.0422229 0.506593
0.485 0.5 0.00138551 0.0156001 -0.0422444 0.506178
0.486 0.5 0.00129294 0.0145605 -0.0422658 0.505763
0.487 0.5 0.00120041 0.0135209 -0.0422873 0.505349
0.488 0.5 0.0011079 0.0124812 -0.0423088 0.504935
0.489 0.5 0.00101542 0.0114414 -0.0423302 0.504522
0.49 0.5 0.000922969 0.0104016 -0.0423517 0.504109
0.491 0.5 0.000830545 0.00936172 -0.0423732 0.503696
0.492 0.5 0.00073815 0.00832177 -0.0423947 0.503284
0.493 0.5 0.000645783 0.00728177 -0.0424161 0.502872
0.494 0.5 0.000553443 0.0062417 -0.0424376 0.502461
0.495 0.5 0.000461132 0.00520157 -0.0424591 0.50205
0.496 0.5 0.00036885 0.00416138 -0.0424805 0.501639
0.497 0.5 0.000276595 0.00312112 -0.042502 0.501229
0.498 0.5 0.000184368 0.00208081 -0.0425235 0.500819
0.499 0.5 9.21695e-05 0.00104044 -0.042545 0.500409
0.5 0.5 -9.58465e-10 9.64067e-10 -0.0425664 0.5
0.501 0.5 -9.21714e-05 -0.00104043 -0.042545 0.499591
0.502 0.5 -0.00018437 -0.00208081 -0.0425235 0.499181
0.503 0.5 -0.000276597 -0.00312112 -0.042502 0.498771
0.504 0.5 -0.000368851 -0.00416137 -0.0424805 0.498361
0.505 0.5 -0.000461134 -0.00520156 -0.0424591 0.49795
0.506 0.5 -0.000553445 -0.00624169 -0.0424376 0.497539
0.507 0.5 -0.000645784 -0.00728176 -0.0424161 0.497128
0.508 0.5 -0.000738152 -0.00832177 -0.0423947 0.496716
0.509 0.5 -0.000830547 -0.00936172 -0.0423732 0.496304
0.51 0.5 -0.00092297 -0.0104016 -0.0423517 0.495891
0.511 0.5 -0.00101542 -0.0114414 -0.0423302 0.495478
0.512 0.5 -0.0011079 -0.0124812 -0.0423088 0.495065
0.513 0.5 -0.00120041 -0.0135209 -0.0422873 0.494651
0.514 0.5 -0.00129295 -0.0145605 -0.0422658 0.494237
0.515 0.5 -0.00138551 -0.0156001 -0.0422444 0.493822
0.516 0.5 -0.0014781 -0.0166396 -0.0422229 0.493407
0.517 0.5 -0.00157072 -0.0176791 -0.0422014 0.492992
0.518 0.5 -0.00166337 -0.0187185 -0.0421799 0.492577
0.519 0.5 -0.00175605 -0.0197578 -0.0421585 0.492161
0.52 0.5 -0.00184875 -0.0207971 -0.042137 0.491744
0.521 0.5 -0.00194148 -0.0218363 -0.0421155 0.491327
0.522 0.5 -0.00203424 -0.0228755 -0.0420941 0.49091
0.523 0.5 -0.00212703 -0.0239146 -0.0420726 0.490493
0.524 0.5 -0.00221985 -0.0249536 -0.0420511 0.490075
0.525 0.5 -0.00231269 -0.0259926 -0.0420296 0.489656
0.526 0.5 -0.00240557 -0.0270315 -0.0420082 0.489238
0.527 0.5 -0.00249847 -0.0280703 -0.0419867 0.488818
0.528 0.5 -0.0025914 -0.0291091 -0.0419652 0.488399
0.529 0.5 -0.00268436 -0.0301479 -0.0419438 0.487979
0.53 0.5 -0.00277734 -0.0311865 -0.0419223 0.487559
0.531 0.5 -0.00287036 -0.0322251 -0.0419008 0.487138
0.532 0.5 -0.0029634 -0.0332637 -0.0418793 0.486717
0.533 0.5 -0.00305647 -0.0343022 -0.0418579 0.486296
0.534 0.5 -0.00314989 -0.0353406 -0.0418081 0.485874
0.535 0.5 -0.00324354 -0.036379 -0.0417443 0.485451
0.536 0.5 -0.00333727 -0.0374171 -0.0416804 0.485026
0.537 0.5 -0.00343107 -0.038455 -0.0416165 0.484601
0.538 0.5 -0.00352495 -0.0394927 -0.0415527 0.484174
0.539 0.5 -0.00361889 -0.0405302 -0.0414888 0.483746
0.54 0.5 -0.00371292 -0.0415674 -0.0414249 0.483318
0.541 0.5 -0.00380701 -0.0426045 -0.041361 0.482888
0.542 0.5 -0.00390118 -0.0436413 -0.0412972 0.482457
0.543 0.5 -0.00399543 -0.0446779 -0.0412333 0.482025
0.544 0.5 -0.00408974 -0.0457143 -0.0411694 0.481592
0.545 0.5 -0.00418413 -0.0467505 -0.0411056 0.481157
0.546 0.5 -0.0042786 -0.0477865 -0.0410417 0.480722
0.547 0.5 -0.00437314 -0.0488223 -0.0409778 0.480285
0.548 0.5 -0.00446775 -0.0498578 -0.040914 0.479848
0.549 0.5 -0.00456244 -0.0508932 -0.0408501 0.479409
0.55 0.5 -0.0046572 -0.0519283 -0.0407862 0.478969
0.551 0.5 -0.00475203 -0.0529632 -0.0407223 0.478528
0.552 0.5 -0.00484694 -0.0539979 -0.0406585 0.478086
0.553 0.5 -0.00494192 -0.0550324 -0.0405946 0.477643
0.554 0.5 -0.00503698 -0.0560667 -0.0405307 0.477199
0.555 0.5 -0.00513211 -0.0571008 -0.0404669 0.476754
0.556 0.5 -0.00522731 -0.0581346 -0.040403 0.476307
0.557 0.5 -0.00532259 -0.0591683 -0.0403391 0.47586
0.558 0.5 -0.00541794 -0.0602017 -0.0402752 0.475411
0.559 0.5 -0.00551337 -0.0612349 -0.0402114 0.474961
0.56 0.5 -0.00560887 -0.0622679 -0.0401475 0.47451
0.561 0.5 -0.00570444 -0.0633007 -0.0400836 0.474058
0.562 0.5 -0.00580009 -0.0643333 -0.0400198 0.473605
0.563 0.5 -0.00589581 -0.0653656 -0.0399559 0.473151
0.564 0.5 -0.0059916 -0.0663978 -0.039892 0.472696
0.565 0.5 -0.00608747 -0.0674297 -0.0398282 0.472239
0.566 0.5 -0.00618341 -0.0684614 -0.0397643 0.471782
0.567 0.5 -0.00627976 -0.069493 -0.0396869 0.471323
0.568 0.5 -0.00637685 -0.0705244 -0.0395823 0.470862
0.569 0.5 -0.00647402 -0.0715553 -0.0394777 0.4704
0.57 0.5 -0.00657128 -0.0725857 -0.0393732 0.469936
0.571 0.5 -0.00666863 -0.0736157 -0.0392686 0.46947
0.572 0.5 -0.00676607 -0.0746453 -0.0391641 0.469003
0.573 0.5 -0.00686359 -0.0756744 -0.0390595 0.468533
0.574 0.5 -0.0069612 -0.076703 -0.0389549 0.468062
0.575 0.5 -0.0070589 -0.0777312 -0.0388504 0.46759
0.576 0.5 -0.00715669 -0.0787589 -0.0387458 0.467115
0.577 0.5 -0.00725456 -0.0797861 -0.0386413 0.466639
0.578 0.5 -0.00735253 -0.0808129 -0.0385367 0.466162
0.579 0.5 -0.00745058 -0.0818393 -0.0384321 0.465682
0.58 0.5 -0.00754871 -0.0828652 -0.0383276 0.465201
0.581 0.5 -0.00764694 -0.0838906 -0.038223 0.464718
0.582 0.5 -0.00774525 -0.0849155 -0.0381185 0.464234
0.583 0.5 -0.00784365 -0.0859401 -0.0380139 0.463747
0.584 0.5 -0.00794214 -0.0869641 -0.0379093 0.463259
0.585 0.5 -0.00804072 -0.0879877 -0.0378048 0.46277
0.586 0.5 -0.00813938 -0.0890108 -0.0377002 0.462278
0.587 0.5 -0.00823813 -0.0900335 -0.0375956 0.461785
0.588 0.5 -0.00833697 -0.0910557 -0.0374911 0.461291
0.589 0.5 -0.0084359 -0.0920775 -0.0373865 0.460794
0.59 0.5 -0.00853491 -0.0930988 -0.037282 0.460296
0.591 0.5 -0.00863401 -0.0941196 -0.0371774 0.459796
0.592 0.5 -0.0087332 -0.09514 -0.0370728 0.459295
0.593 0.5 -0.00883248 -0.0961599 -0.0369683 0.458791
0.594 0.5 -0.00893184 -0.0971794 -0.0368637 0.458286
0.595 0.5 -0.00903129 -0.0981984 -0.0367592 0.45778
0.596 0.5 -0.00913083 -0.099217 -0.0366546 0.457271
0.597 0.5 -0.00923046 -0.100235 -0.03655 0.456761
0.598 0.5 -0.00933017 -0.101253 -0.0364455 0.456249
0.599 0.5 -0.00942997 -0.10227 -0.0363409 0.455736
0.6 0.5 -0.00952986 -0.103287 -0.0362364 0.455221
0.601 0.5 -0.00963139 -0.104303 -0.0360942 0.454703
0.602 0.5 -0.00973295 -0.105319 -0.035952 0.454183
0.603 0.5 -0.00983457 -0.106334 -0.0358099 0.453661
0.604 0.5 -0.00993623 -0.107347 -0.0356677 0.453137
0.605 0.5 -0.0100379 -0.10836 -0.0355255 0.45261
0.606 0.5 -0.0101397 -0.109373 -0.0353834 0.452082
0.607 0.5 -0.0102415 -0.110384 -0.0352412 0.451552
0.608 0.5 -0.0103433 -0.111394 -0.0350991 0.451019
0.609 0.5 -0.0104452 -0.112404 -0.0349569 0.450485
0.61 0.5 -0.0105472 -0.113413 -0.0348147 0.449948
0.611 0.5 -0.0106492 -0.114421 -0.0346726 0.449409
0.612 0.5 -0.0107512 -0.115428 -0.0345304 0.448869
0.613 0.5 -0.0108533 -0.116434 -0.0343882 0.448326
0.614 0.5 -0.0109554 -0.117439 -0.0342461 0.447781
0.615 0.5 -0.0110576 -0.118443 -0.0341039 0.447234
0.616 0.5 -0.0111598 -0.119447 -0.0339618 0.446685
0.617 0.5 -0.011262 -0.12045 -0.0338196 0.446133
0.618 0.5 -0.0113644 -0.121452 -0.0336774 0.44558
0.619 0.5 -0.0114667 -0.122453 -0.0335353 0.445025
0.62 0.5 -0.0115691 -0.123453 -0.0333931 0.444467
0.621 0.5 -0.0116716 -0.124452 -0.0332509 0.443908
0.622 0.5 -0.0117741 -0.12545 -0.0331088 0.443346
0.623 0.5 -0.0118766 -0.126448 -0.0329666 0.442782
0.624 0.5 -0.0119792 -0.127445 -0.0328245 0.442216
0.625 0.5 -0.0120818 -0.12844 -0.0326823 0.441648
0.626 0.5 -0.0121845 -0.129435 -0.0325401 0.441079
0.627 0.5 -0.0122872 -0.130429 -0.032398 0.440506
0.628 0.5 -0.01239 -0.131423 -0.0322558 0.439932
0.629 0.5 -0.0124928 -0.132415 -0.0321136 0.439356
0.63 0.5 -0.0125957 -0.133406 -0.0319715 0.438778
0.631 0.5 -0.0126986 -0.134397 -0.0318293 0.438197
0.632 0.5 -0.0128016 -0.135387 -0.0316872 0.437615
0.633 0.5 -0.0129046 -0.136376 -0.031545 0.43703
0.634 0.5 -0.0130091 -0.137364 -0.031381 0.436443
0.635 0.5 -0.0131143 -0.138351 -0.031206 0.435853
0.636 0.5 -0.0132194 -0.139337 -0.031031 0.435261
0.637 0.5 -0.0133244 -0.140321 -0.030856 0.434667
0.638 0.5 -0.0134294 -0.141303 -0.0306811 0.43407
0.639 0.5 -0.0135343 -0.142284 -0.0305061 0.433472
0.64 0.5 -0.0136391 -0.143264 -0.0303311 0.432871
0.641 0.5 -0.0137439 -0.144242 -0.0301561 0.432268
0.642 0.5 -0.0138485 -0.145218 -0.0299812 0.431663
0.643 0.5 -0.0139531 -0.146193 -0.0298062 0.431056
0.644 0.5 -0.0140577 -0.147167 -0.0296312 0.430447
0.645 0.5 -0.0141621 -0.148139 -0.0294563 0.429835
0.646 0.5 -0.0142665 -0.149109 -0.0292813 0.429222
0.647 0.5 -0.0143708 -0.150078 -0.0291063 0.428606
0.648 0.5 -0.014475 -0.151046 -0.0289313 0.427988
0.649 0.5 -0.0145792 -0.152012 -0.0287564 0.427368
0.65 0.5 -0.0146832 -0.152976 -0.0285814 0.426745
0.651 0.5 -0.0147872 -0.153939 -0.0284064 0.426121
0.652 0.5 -0.0148912 -0.154901 -0.0282315 0.425494
0.653 0.5 -0.014995 -0.155861 -0.0280565 0.424866
0.654 0.5 -0.0150988 -0.156819 -0.0278815 0.424235
0.655 0.5 -0.0152025 -0.157776 -0.0277065 0.423602
0.656 0.5 -0.0153062 -0.158732 -0.0275316 0.422966
0.657 0.5 -0.0154097 -0.159686 -0.0273566 0.422329
0.658 0.5 -0.0155132 -0.160638 -0.0271816 0.421689
0.659 0.5 -0.0156166 -0.161589 -0.0270066 0.421048
0.66 0.5 -0.01572 -0.162539 -0.0268317 0.420404
0.661 0.5 -0.0158232 -0.163487 -0.0266567 0.419758
0.662 0.5 -0.0159264 -0.164433 -0.0264817 0.41911
0.663 0.5 -0.0160296 -0.165378 -0.0263068 0.418459
0.664 0.5 -0.0161326 -0.166322 -0.0261318 0.417807
0.665 0.5 -0.0162356 -0.167264 -0.0259568 0.417152
0.666 0.5 -0.0163385 -0.168204 -0.0257818 0.416495
0.667 0.5 -0.0164423 -0.169144 -0.0255982 0.415836
0.668 0.5 -0.0165478 -0.170081 -0.0253973 0.415174
0.669 0.5 -0.016653 -0.171016 -0.0251964 0.41451
0.67 0.5 -0.0167579 -0.171948 -0.0249955 0.413844
0.671 0.5 -0.0168626 -0.172878 -0.0247946 0.413176
0.672 0.5 -0.0169669 -0.173806 -0.0245937 0.412507
0.673 0.5 -0.017071 -0.174731 -0.0243928 0.411835
0.674 0.5 -0.0171747 -0.175654 -0.0241919 0.411162
0.675 0.5 -0.0172781 -0.176574 -0.0239909 0.410487
0.676 0.5 -0.0173813 -0.177492 -0.02379 0.40981
0.677 0.5 -0.0174842 -0.178407 -0.0235891 0.409131
0.678 0.5 -0.0175867 -0.17932 -0.0233882 0.408451
0.679 0.5 -0.017689 -0.18023 -0.0231873 0.407769
0.68 0.5 -0.017791 -0.181138 -0.0229864 0.407084
0.681 0.5 -0.0178926 -0.182044 -0.0227855 0.406398
0.682 0.5 -0.017994 -0.182947 -0.0225846 0.40571
0.683 0.5 -0.0180951 -0.183847 -0.0223837 0.40502
0.684 0.5 -0.0181959 -0.184745 -0.0221828 0.404329
0.685 0.5 -0.0182964 -0.185641 -0.0219819 0.403635
0.686 0.5 -0.0183966 -0.186534 -0.0217809 0.40294
0.687 0.5 -0.0184965 -0.187425 -0.02158 0.402243
0.688 0.5 -0.0185961 -0.188313 -0.0213791 0.401544
0.689 0.5 -0.0186954 -0.189199 -0.0211782 0.400843
0.69 0.5 -0.0187944 -0.190082 -0.0209773 0.400141
0.691 0.5 -0.0188931 -0.190963 -0.0207764 0.399436
0.692 0.5 -0.0189916 -0.191841 -0.0205755 0.39873
0.693 0.5 -0.0190897 -0.192717 -0.0203746 0.398022
0.694 0.5 -0.0191875 -0.193591 -0.0201737 0.397312
0.695 0.5 -0.0192851 -0.194462 -0.0199728 0.3966
0.696 0.5 -0.0193823 -0.195331 -0.0197718 0.395886
0.697 0.5 -0.0194793 -0.196197 -0.0195709 0.39517
0.698 0.5 -0.0195759 -0.19706 -0.01937 0.394453
0.699 0.5 -0.0196723 -0.197922 -0.0191691 0.393734
0.7 0.5 -0.0197683 -0.19878 -0.0189682 0.393013
0.701 0.5 -0.0198676 -0.199637 -0.0187506 0.392289
0.702 0.5 -0.0199662 -0.200489 -0.0185331 0.391564
0.703 0.5 -0.0200642 -0.201338 -0.0183155 0.390838
0.704 0.5 -0.0201616 -0.202183 -0.0180979 0.390111
0.705 0.5 -0.0202584 -0.203024 -0.0178803 0.389382
0.706 0.5 -0.0203545 -0.203861 -0.0176628 0.388653
0.707 0.5 -0.02045 -0.204695 -0.0174452 0.387923
0.708 0.5 -0.0205448 -0.205525 -0.0172276 0.387191
0.709 0.5 -0.020639 -0.20635 -0.01701 0.386459
0.71 0.5 -0.0207326 -0.207172 -0.0167924 0.385725
0.711 0.5 -0.0208256 -0.207991 -0.0165749 0.38499
0.712 0.5 -0.0209179 -0.208805 -0.0163573 0.384254
0.713 0.5 -0.0210096 -0.209615 -0.0161397 0.383517
0.714 0.5 -0.0211006 -0.210422 -0.0159221 0.382779
0.715 0.5 -0.021191 -0.211225 -0.0157046 0.38204
0.716 0.5 -0.0212808 -0.212024 -0.015487 0.3813
0.717 0.5 -0.02137 -0.212819 -0.0152694 0.380559
0.718 0.5 -0.0214585 -0.21361 -0.0150518 0.379817
0.719 0.5 -0.0215464 -0.214398 -0.0148343 0.379073
0.72 0.5 -0.0216336 -0.215182 -0.0146167 0.378329
0.721 0.5 -0.0217203 -0.215962 -0.0143991 0.377583
0.722 0.5 -0.0218062 -0.216738 -0.0141815 0.376837
0.723 0.5 -0.0218916 -0.21751 -0.013964 0.376089
0.724 0.5 -0.0219763 -0.218278 -0.0137464 0.37534
0.725 0.5 -0.0220604 -0.219043 -0.0135288 0.37459
0.726 0.5 -0.0221439 -0.219804 -0.0133112 0.37384
0.727 0.5 -0.0222267 -0.22056 -0.0130937 0.373088
0.728 0.5 -0.0223089 -0.221314 -0.0128761 0.372334
0.729 0.5 -0.0223905 -0.222063 -0.0126585 0.37158
0.73 0.5 -0.0224714 -0.222808 -0.0124409 0.370825
0.731 0.5 -0.0225517 -0.22355 -0.0122233 0.370069
0.732 0.5 -0.0226314 -0.224288 -0.0120058 0.369311
0.733 0.5 -0.0227104 -0.225022 -0.0117882 0.368553
0.734 0.5 -0.0227915 -0.225752 -0.0115674 0.367793
0.735 0.5 -0.0228731 -0.226477 -0.0113449 0.367032
0.736 0.5 -0.0229535 -0.227196 -0.0111224 0.366272
0.737 0.5 -0.0230329 -0.22791 -0.0108999 0.365511
0.738 0.5 -0.0231112 -0.228618 -0.0106774 0.364751
0.739 0.5 -0.0231884 -0.22932 -0.010455 0.363991
0.74 0.5 -0.0232645 -0.230016 -0.0102325 0.363231
0.741 0.5 -0.0233396 -0.230707 -0.01001 0.362471
0.742 0.5 -0.0234136 -0.231392 -0.00978755 0.361711
0.743 0.5 -0.0234865 -0.232071 -0.00956507 0.360951
0.744 0.5 -0.0235584 -0.232745 -0.0093426 0.360191
0.745 0.5 -0.0236291 -0.233413 -0.00912012 0.359432
0.746 0.5 -0.0236988 -0.234075 -0.00889764 0.358672
0.747 0.5 -0.0237674 -0.234732 -0.00867517 0.357913
0.748 0.5 -0.023835 -0.235383 -0.00845269 0.357154
0.749 0.5 -0.0239015 -0.236028 -0.00823022 0.356395
0.75 0.5 -0.0239669 -0.236667 -0.00800774 0.355636
0.751 0.5 -0.0240312 -0.237301 -0.00778527 0.354877
0.752 0.5 -0.0240944 -0.237929 -0.00756279 0.354118
0.753 0.5 -0.0241566 -0.238552 -0.00734031 0.353359
0.754 0.5 -0.0242177 -0.239168 -0.00711784 0.3526
0.755 0.5 -0.0242777 -0.239779 -0.00689536 0.351842
0.756 0.5 -0.0243367 -0.240385 -0.00667289 0.351083
0.757 0.5 -0.0243945 -0.240984 -0.00645041 0.350325
0.758 0.5 -0.0244513 -0.241578 -0.00622794 0.349567
0.759 0.5 -0.024507 -0.242167 -0.00600546 0.348809
0.76 0.5 -0.0245617 -0.242749 -0.00578299 0.348051
0.761 0.5 -0.0246153 -0.243326 -0.00556051 0.347293
0.762 0.5 -0.0246677 -0.243897 -0.00533803 0.346535
0.763 0.5 -0.0247192 -0.244462 -0.00511556 0.345777
0.764 0.5 -0.0247695 -0.245022 -0.00489308 0.345019
0.765 0.5 -0.0248188 -0.245576 -0.00467061 0.344262
0.766 0.5 -0.024867 -0.246125 -0.00444813 0.343504
0.767 0.5 -0.0249156 -0.246667 -0.00422866 0.342747
0.768 0.5 -0.0249657 -0.247203 -0.0040152 0.34199
0.769 0.5 -0.0250143 -0.24773 -0.00380174 0.341235
0.77 0.5 -0.0250613 -0.24825 -0.00358828 0.340481
0.771 0.5 -0.0251067 -0.248761 -0.00337482 0.339729
0.772 0.5 -0.0251506 -0.249264 -0.00316136 0.338978
0.773 0.5 -0.0251929 -0.249759 -0.0029479 0.338229
0.774 0.5 -0.0252336 -0.250246 -0.00273444 0.337482
0.775 0.5 -0.0252728 -0.250725 -0.00252098 0.336736
0.776 0.5 -0.0253104 -0.251196 -0.00230752 0.335992
0.777 0.5 -0.0253464 -0.251658 -0.00209406 0.335249
0.778 0.5 -0.0253808 -0.252113 -0.0018806 0.334508
0.779 0.5 -0.0254137 -0.252559 -0.00166714 0.333768
0.78 0.5 -0.025445 -0.252997 -0.00145368 0.33303
0.781 0.5 -0.0254747 -0.253427 -0.00124022 0.332294
0.782 0.5 -0.0255029 -0.253849 -0.00102676 0.331559
0.783 0.5 -0.0255295 -0.254263 -0.000813304 0.330826
0.784 0.5 -0.0255545 -0.254669 -0.000599845 0.330094
0.785 0.5 -0.025578 -0.255067 -0.000386385 0.329364
0.786 0.5 -0.0255999 -0.255456 -0.000172925 0.328636
0.787 0.5 -0.0256202 -0.255838 4.05348e-05 0.327909
0.788 0.5 -0.025639 -0.256211 0.000253995 0.327184
0.789 0.5 -0.0256561 -0.256576 0.000467454 0.32646
0.79 0.5 -0.0256717 -0.256933 0.000680914 0.325738
0.791 0.5 -0.0256858 -0.257282 0.000894374 0.325017
0.792 0.5 -0.0256983 -0.257623 0.00110783 0.324298
0.793 0.5 -0.0257092 -0.257955 0.00132129 0.323581
0.794 0.5 -0.0257185 -0.25828 0.00153475 0.322865
0.795 0.5 -0.0257262 -0.258596 0.00174821 0.322151
0.796 0.5 -0.0257324 -0.258905 0.00196167 0.321438
0.797 0.5 -0.0257371 -0.259205 0.00217513 0.320727
0.798 0.5 -0.0257401 -0.259497 0.00238859 0.320017
0.799 0.5 -0.0257416 -0.259781 0.00260205 0.319309
0.8 0.5 -0.0257415 -0.260057 0.00281551 0.318603
0.801 0.5 -0.0257438 -0.260323 0.00300495 0.317899
0.802 0.5 -0.025744 -0.260579 0.00319439 0.317198
0.803 0.5 -0.0257423 -0.260823 0.00338383 0.3165
0.804 0.5 -0.0257386 -0.261057 0.00357327 0.315805
0.805 0.5 -0.0257329 -0.261279 0.00376271 0.315113
0.806 0.5 -0.0257252 -0.261491 0.00395215 0.314424
0.807 0.5 -0.0257154 -0.261691 0.00414159 0.313739
0.808 0.5 -0.0257037 -0.26188 0.00433103 0.313056
0.809 0.5 -0.02569 -0.262058 0.00452047 0.312377
0.81 0.5 -0.0256743 -0.262225 0.00470991 0.3117
0.811 0.5 -0.0256566 -0.262382 0.00489935 0.311027
0.812 0.5 -0.0256369 -0.262527 0.00508879 0.310357
0.813 0.5 -0.0256152 -0.262661 0.00527823 0.30969
0.814 0.5 -0.0255916 -0.262783 0.00546767 0.309026
0.815 0.5 -0.0255659 -0.262895 0.00565711 0.308366
0.816 0.5 -0.0255382 -0.262996 0.00584655 0.307708
0.817 0.5 -0.0255085 -0.263086 0.00603599 0.307053
0.818 0.5 -0.0254768 -0.263165 0.00622543 0.306402
0.819 0.5 -0.0254432 -0.263232 0.00641487 0.305754
0.82 0.5 -0.0254075 -0.263289 0.00660431 0.305108
0.821 0.5 -0.0253698 -0.263335 0.00679375 0.304466
0.822 0.5 -0.0253302 -0.263369 0.00698318 0.303827
0.823 0.5 -0.0252885 -0.263392 0.00717262 0.303191
0.824 0.5 -0.0252449 -0.263405 0.00736206 0.302558
0.825 0.5 -0.0251992 -0.263406 0.0075515 0.301929
0.826 0.5 -0.0251516 -0.263397 0.00774094 0.301302
0.827 0.5 -0.0251019 -0.263376 0.00793038 0.300679
0.828 0.5 -0.0250503 -0.263344 0.00811982 0.300058
0.829 0.5 -0.0249967 -0.263301 0.00830926 0.299441
0.83 0.5 -0.024941 -0.263247 0.0084987 0.298827
0.831 0.5 -0.0248834 -0.263182 0.00868814 0.298216
0.832 0.5 -0.0248238 -0.263106 0.00887758 0.297608
0.833 0.5 -0.0247621 -0.263019 0.00906702 0.297003
0.834 0.5 -0.0247004 -0.26292 0.00923103 0.296402
0.835 0.5 -0.0246375 -0.262807 0.00938233 0.295805
0.836 0.5 -0.0245725 -0.262679 0.00953363 0.295213
0.837 0.5 -0.0245052 -0.262537 0.00968493 0.294625
0.838 0.5 -0.0244359 -0.262381 0.00983623 0.294042
0.839 0.5 -0.0243643 -0.262211 0.00998753 0.293463
0.84 0.5 -0.0242906 -0.262026 0.0101388 0.292888
0.841 0.5 -0.0242148 -0.261826 0.0102901 0.292317
0.842 0.5 -0.0241368 -0.261613 0.0104414 0.291751
0.843 0.5 -0.0240566 -0.261385 0.0105927 0.291189
0.844 0.5 -0.0239743 -0.261143 0.010744 0.290632
0.845 0.5 -0.0238898 -0.260887 0.0108953 0.290079
0.846 0.5 -0.0238032 -0.260616 0.0110466 0.28953
0.847 0.5 -0.0237144 -0.260331 0.0111979 0.288986
0.848 0.5 -0.0236235 -0.260032 0.0113492 0.288446
0.849 0.5 -0.0235304 -0.259718 0.0115005 0.28791
0.85 0.5 -0.0234351 -0.259391 0.0116518 0.287379
0.851 0.5 -0.0233377 -0.259048 0.0118031 0.286852
0.852 0.5 -0.0232381 -0.258692 0.0119544 0.286329
0.853 0.5 -0.0231364 -0.258321 0.0121057 0.285811
0.854 0.5 -0.0230325 -0.257936 0.012257 0.285297
0.855 0.5 -0.0229265 -0.257537 0.0124083 0.284787
0.856 0.5 -0.0228183 -0.257123 0.0125596 0.284282
0.857 0.5 -0.022708 -0.256695 0.0127109 0.283781
0.858 0.5 -0.0225955 -0.256253 0.0128622 0.283284
0.859 0.5 -0.0224808 -0.255796 0.0130135 0.282792
0.86 0.5 -0.022364 -0.255325 0.0131648 0.282304
0.861 0.5 -0.022245 -0.25484 0.0133161 0.28182
0.862 0.5 -0.0221239 -0.254341 0.0134674 0.281341
0.863 0.5 -0.0220006 -0.253827 0.0136187 0.280866
0.864 0.5 -0.0218751 -0.253299 0.01377 0.280396
0.865 0.5 -0.0217475 -0.252757 0.0139213 0.27993
0.866 0.5 -0.0216178 -0.2522 0.0140726 0.279468
0.867 0.5 -0.0214861 -0.251628 0.0142077 0.279011
0.868 0.5 -0.021353 -0.251039 0.0143104 0.27856
0.869 0.5 -0.0212182 -0.250432 0.014413 0.278114
0.87 0.5 -0.0210816 -0.249808 0.0145157 0.277672
0.871 0.5 -0.0209432 -0.249166 0.0146183 0.277236
0.872 0.5 -0.020803 -0.248506 0.014721 0.276805
0.873 0.5 -0.020661 -0.24783 0.0148237 0.276379
0.874 0.5 -0.0205173 -0.247135 0.0149263 0.275957
0.875 0.5 -0.0203718 -0.246423 0.015029 0.275541
0.876 0.5 -0.0202245 -0.245694 0.0151316 0.275129
0.877 0.5 -0.0200754 -0.244947 0.0152343 0.274723
0.878 0.5 -0.0199245 -0.244183 0.015337 0.274321
0.879 0.5 -0.0197718 -0.243401 0.0154396 0.273924
0.88 0.5 -0.0196174 -0.242601 0.0155423 0.273533
0.881 0.5 -0.0194612 -0.241785 0.0156449 0.273146
0.882 0.5 -0.0193032 -0.24095 0.0157476 0.272764
0.883 0.5 -0.0191434 -0.240098 0.0158503 0.272387
0.884 0.5 -0.0189818 -0.239229 0.0159529 0.272016
0.885 0.5 -0.0188185 -0.238342 0.0160556 0.271649
0.886 0.5 -0.0186533 -0.237438 0.0161582 0.271287
0.887 0.5 -0.0184864 -0.236516 0.0162609 0.27093
0.888 0.5 -0.0183177 -0.235576 0.0163636 0.270578
0.889 0.5 -0.0181472 -0.234619 0.0164662 0.27023
0.89 0.5 -0.017975 -0.233645 0.0165689 0.269888
0.891 0.5 -0.0178009 -0.232653 0.0166715 0.269551
0.892 0.5 -0.0176251 -0.231644 0.0167742 0.269219
0.893 0.5 -0.0174475 -0.230617 0.0168768 0.268891
0.894 0.5 -0.0172681 -0.229573 0.0169795 0.268569
0.895 0.5 -0.0170869 -0.228511 0.0170822 0.268252
0.896 0.5 -0.016904 -0.227431 0.0171848 0.267939
0.897 0.5 -0.0167192 -0.226334 0.0172875 0.267632
0.898 0.5 -0.0165327 -0.22522 0.0173901 0.267329
0.899 0.5 -0.0163444 -0.224088 0.0174928 0.267031
0.9 0.5 -0.0161543 -0.222939 0.0175955 0.266739
0.901 0.5 -0.0159609 -0.221768 0.0176455 0.266453
0.902 0.5 -0.0157669 -0.220578 0.0176955 0.266172
0.903 0.5 -0.0155723 -0.219367 0.0177455 0.265896
0.904 0.5 -0.0153771 -0.218136 0.0177955 0.265624
0.905 0.5 -0.0151812 -0.216884 0.0178455 0.265357
0.906 0.5 -0.0149848 -0.215613 0.0178955 0.265094
0.907 0.5 -0.0147878 -0.214321 0.0179455 0.264836
0.908 0.5 -0.0145902 -0.213009 0.0179955 0.264583
0.909 0.5 -0.0143919 -0.211677 0.0180455 0.264335
0.91 0.5 -0.0141931 -0.210324 0.0180955 0.264091
0.911 0.5 -0.0139937 -0.208952 0.0181455 0.263852
0.912 0.5 -0.0137936 -0.207559 0.0181956 0.263617
0.913 0.5 -0.013593 -0.206146 0.0182456 0.263387
0.914 0.5 -0.0133917 -0.204712 0.0182956 0.263162
0.915 0.5 -0.0131899 -0.203259 0.0183456 0.262941
0.916 0.5 -0.0129874 -0.201785 0.0183956 0.262725
0.917 0.5 -0.0127844 -0.200291 0.0184456 0.262514
0.918 0.5 -0.0125807 -0.198777 0.0184956 0.262307
0.919 0.5 -0.0123765 -0.197243 0.0185456 0.262105
0.92 0.5 -0.0121716 -0.195688 0.0185956 0.261908
0.921 0.5 -0.0119661 -0.194113 0.0186456 0.261715
0.922 0.5 -0.0117601 -0.192518 0.0186956 0.261527
0.923 0.5 -0.0115534 -0.190903 0.0187456 0.261343
0.924 0.5 -0.0113461 -0.189267 0.0187956 0.261164
0.925 0.5 -0.0111382 -0.187611 0.0188456 0.26099
0.926 0.5 -0.0109298 -0.185936 0.0188957 0.260821
0.927 0.5 -0.0107207 -0.184239 0.0189457 0.260656
0.928 0.5 -0.010511 -0.182523 0.0189957 0.260496
0.929 0.5 -0.0103007 -0.180786 0.0190457 0.26034
0.93 0.5 -0.0100898 -0.17903 0.0190957 0.260189
0.931 0.5 -0.00987832 -0.177252 0.0191457 0.260043
0.932 0.5 -0.00966623 -0.175455 0.0191957 0.259901
0.933 0.5 -0.00945353 -0.173638 0.0192457 0.259764
0.934 0.5 -0.00923759 -0.171798 0.019263 0.259633
0.935 0.5 -0.00902156 -0.169936 0.0192639 0.259506
0.936 0.5 -0.00880712 -0.168052 0.0192648 0.259383
0.937 0.5 -0.00859427 -0.166146 0.0192657 0.259263
0.938 0.5 -0.00838302 -0.164217 0.0192666 0.259146
0.939 0.5 -0.00817335 -0.162265 0.0192675 0.259032
0.94 0.5 -0.00796528 -0.160292 0.0192684 0.258922
0.941 0.5 -0.00775881 -0.158296 0.0192693 0.258814
0.942 0.5 -0.00755392 -0.156278 0.0192702 0.258711
0.943 0.5 -0.00735063 -0.154238 0.0192711 0.25861
0.944 0.5 -0.00714893 -0.152175 0.019272 0.258513
0.945 0.5 -0.00694882 -0.150091 0.0192729 0.258419
0.946 0.5 -0.00675031 -0.147984 0.0192738 0.258328
0.947 0.5 -0.00655338 -0.145854 0.0192747 0.25824
0.948 0.5 -0.00635805 -0.143702 0.0192756 0.258156
0.949 0.5 -0.00616431 -0.141528 0.0192765 0.258075
0.95 0.5 -0.00597217 -0.139332 0.0192774 0.257998
0.951 0.5 -0.00578162 -0.137114 0.0192783 0.257923
0.952 0.5 -0.00559265 -0.134873 0.0192792 0.257852
0.953 0.5 -0.00540529 -0.13261 0.0192801 0.257784
0.954 0.5 -0.00521951 -0.130324 0.019281 0.25772
0.955 0.5 -0.00503533 -0.128017 0.0192819 0.257658
0.956 0.5 -0.00485274 -0.125687 0.0192828 0.2576
0.957 0.5 -0.00467174 -0.123334 0.0192837 0.257546
0.958 0.5 -0.00449233 -0.12096 0.0192846 0.257494
0.959 0.5 -0.00431452 -0.118563 0.0192855 0.257446
0.96 0.5 -0.00413829 -0.116144 0.0192864 0.257401
0.961 0.5 -0.00396367 -0.113703 0.0192873 0.257359
0.962 0.5 -0.00379063 -0.111239 0.0192883 0.257321
0.963 0.5 -0.00361918 -0.108753 0.0192892 0.257286
0.964 0.5 -0.00344933 -0.106245 0.0192901 0.257254
0.965 0.5 -0.00328107 -0.103714 0.019291 0.257225
0.966 0.5 -0.00311441 -0.101162 0.0192919 0.2572
0.967 0.5 -0.0029477 -0.0985869 0.0192793 0.257179
0.968 0.5 -0.00278146 -0.0959896 0.0192399 0.257161
0.969 0.5 -0.00262002 -0.0933679 0.0192005 0.257143
0.97 0.5 -0.0024634 -0.0907218 0.0191611 0.257127
0.971 0.5 -0.00231158 -0.0880513 0.0191217 0.257111
0.972 0.5 -0.00216456 -0.0853564 0.0190822 0.257096
0.973 0.5 -0.00202236 -0.0826372 0.0190428 0.257082
0.974 0.5 -0.00188496 -0.0798936 0.0190034 0.257069
0.975 0.5 -0.00175237 -0.0771255 0.018964 0.257056
0.976 0.5 -0.00162459 -0.0743331 0.0189246 0.257045
0.977 0.5 -0.00150161 -0.0715163 0.0188851 0.257034
0.978 0.5 -0.00138345 -0.0686752 0.0188457 0.257024
0.979 0.5 -0.00127009 -0.0658096 0.0188063 0.257015
0.98 0.5 -0.00116153 -0.0629197 0.0187669 0.257007
0.981 0.5 -0.00105779 -0.0600053 0.0187275 0.257
0.982 0.5 -0.000958847 -0.0570666 0.018688 0.256993
0.983 0.5 -0.000864716 -0.0541035 0.0186486 0.256987
0.984 0.5 -0.000775391 -0.051116 0.0186092 0.256982
0.985 0.5 -0.000690875 -0.0481042 0.0185698 0.256978
0.986 0.5 -0.000611165 -0.0450679 0.0185304 0.256975
0.987 0.5 -0.000536263 -0.0420073 0.018491 0.256972
0.988 0.5 -0.000466168 -0.0389223 0.0184515 0.256971
0.989 0.5 -0.00040088 -0.0358129 0.0184121 0.25697
0.99 0.5 -0.0003404 -0.0326791 0.0183727 0.25697
0.991 0.5 -0.000284727 -0.0295209 0.0183333 0.256971
0.992 0.5 -0.000233862 -0.0263383 0.0182939 0.256973
0.993 0.5 -0.000187803 -0.0231314 0.0182544 0.256975
0.994 0.5 -0.000146552 -0.0199001 0.018215 0.256979
0.995 0.5 -0.000110109 -0.0166443 0.0181756 0.256983
0.996 0.5 -7.84723e-05 -0.0133642 0.0181362 0.256988
0.997 0.5 -5.16432e-05 -0.0100598 0.0180968 0.256994
0.998 0.5 -2.96215e-05 -0.00673089 0.0180573 0.257
0.999 0.5 -1.24071e-05 -0.00337764 0.0180179 0.257008
1 0.5 1.98737e-34 -3.17294e-34 0.0179785 0.257016
