0 0.5 -7.70637e-35 1.20341e-34 0.00724971 0.678095
0.001 0.5 0.000204459 0.0132585 0.0072524 0.67824
0.002 0.5 0.000428981 0.0263038 0.00725509 0.678352
0.003 0.5 0.000673566 0.0391359 0.00725778 0.678432
0.004 0.5 0.000938214 0.0517547 0.00726047 0.678479
0.005 0.5 0.00122292 0.0641603 0.00726316 0.678494
0.006 0.5 0.0015277 0.0763526 0.00726584 0.678476
0.007 0.5 0.00185253 0.0883317 0.00726853 0.678426
0.008 0.5 0.00219743 0.100098 0.00727122 0.678343
0.009 0.5 0.00256239 0.11165 0.00727391 0.678228
0.01 0.5 0.00294742 0.12299 0.0072766 0.67808
0.011 0.5 0.00335251 0.134116 0.00727929 0.6779
0.012 0.5 0.00377766 0.145029 0.00728198 0.677687
0.013 0.5 0.00422287 0.155728 0.00728466 0.677442
0.014 0.5 0.00468815 0.166215 0.00728735 0.677164
0.015 0.5 0.00517349 0.176488 0.00729004 0.676854
0.016 0.5 0.00567889 0.186548 0.00729273 0.676511
0.017 0.5 0.00620435 0.196395 0.00729542 0.676136
0.018 0.5 0.00674988 0.206028 0.00729811 0.675728
0.019 0.5 0.00731547 0.215448 0.00730079 0.675288
0.02 0.5 0.00790112 0.224655 0.00730348 0.674815
0.021 0.5 0.00850684 0.233649 0.00730617 0.67431
0.022 0.5 0.00913262 0.24243 0.00730886 0.673772
0.023 0.5 0.00977846 0.250997 0.00731155 0.673202
0.024 0.5 0.0104444 0.259351 0.00731424 0.6726
0.025 0.5 0.0111303 0.267492 0.00731693 0.671964
0.026 0.5 0.0118364 0.275419 0.00731961 0.671297
0.027 0.5 0.0125625 0.283134 0.0073223 0.670596
0.028 0.5 0.0133086 0.290635 0.00732499 0.669864
0.029 0.5 0.0140748 0.297922 0.00732768 0.669099
0.03 0.5 0.0148611 0.304997 0.00733037 0.668301
0.031 0.5 0.0156675 0.311858 0.00733306 0.667471
0.032 0.5 0.0164939 0.318507 0.00733574 0.666608
0.033 0.5 0.0173403 0.324941 0.00733843 0.665713
0.034 0.5 0.0180881 0.330619 0.00725063 0.664627
0.035 0.5 0.0187609 0.335835 0.00711759 0.663427
0.036 0.5 0.0194109 0.340864 0.00698454 0.662192
0.037 0.5 0.020038 0.345706 0.00685149 0.660922
0.038 0.5 0.0206423 0.350362 0.00671845 0.659617
0.039 0.5 0.0212238 0.354831 0.0065854 0.658276
0.04 0.5 0.0217825 0.359114 0.00645236 0.656901
0.041 0.5 0.0223183 0.36321 0.00631931 0.65549
0.042 0.5 0.0228313 0.36712 0.00618626 0.654043
0.043 0.5 0.0233215 0.370844 0.00605322 0.652562
0.044 0.5 0.0237889 0.374381 0.00592017 0.651045
0.045 0.5 0.0242334 0.377731 0.00578712 0.649493
0.046 0.5 0.0246551 0.380895 0.00565408 0.647906
0.047 0.5 0.025054 0.383873 0.00552103 0.646284
0.048 0.5 0.0254301 0.386664 0.00538799 0.644626
0.049 0.5 0.0257833 0.389268 0.00525494 0.642933
0.05 0.5 0.0261137 0.391686 0.00512189 0.641205
0.051 0.5 0.0264213 0.393918 0.00498885 0.639442
0.052 0.5 0.0267061 0.395963 0.0048558 0.637643
0.053 0.5 0.026968 0.397821 0.00472276 0.635809
0.054 0.5 0.0272071 0.399493 0.00458971 0.63394
0.055 0.5 0.0274234 0.400979 0.00445666 0.632036
0.056 0.5 0.0276169 0.402278 0.00432362 0.630097
0.057 0.5 0.0277875 0.403391 0.00419057 0.628122
0.058 0.5 0.0279353 0.404317 0.00405753 0.626112
0.059 0.5 0.0280603 0.405056 0.00392448 0.624067
0.06 0.5 0.0281625 0.405609 0.00379143 0.621986
0.061 0.5 0.0282418 0.405976 0.00365839 0.619871
0.062 0.5 0.0282983 0.406156 0.00352534 0.61772
0.063 0.5 0.028332 0.40615 0.0033923 0.615534
0.064 0.5 0.0283429 0.405957 0.00325925 0.613313
0.065 0.5 0.0283309 0.405578 0.0031262 0.611056
0.066 0.5 0.0282961 0.405012 0.00299316 0.608764
0.067 0.5 0.0282959 0.404301 0.00284164 0.606448
0.068 0.5 0.0283957 0.403586 0.0026532 0.604154
0.069 0.5 0.028485 0.402836 0.00246475 0.601877
0.07 0.5 0.0285639 0.40205 0.0022763 0.599618
0.071 0.5 0.0286323 0.401229 0.00208786 0.597377
0.072 0.5 0.0286903 0.400373 0.00189941 0.595153
0.073 0.5 0.0287377 0.399481 0.00171096 0.592947
0.074 0.5 0.0287748 0.398554 0.00152251 0.590758
0.075 0.5 0.0288013 0.397592 0.00133407 0.588587
0.076 0.5 0.0288174 0.396594 0.00114562 0.586434
0.077 0.5 0.028823 0.395561 0.000957173 0.584298
0.078 0.5 0.0288182 0.394492 0.000768726 0.58218
0.079 0.5 0.0288029 0.393388 0.000580279 0.580079
0.08 0.5 0.0287771 0.392249 0.000391832 0.577996
0.081 0.5 0.0287409 0.391074 0.000203385 0.57593
0.082 0.5 0.0286942 0.389864 1.49378e-05 0.573882
0.083 0.5 0.028637 0.388618 -0.000173509 0.571852
0.084 0.5 0.0285694 0.387337 -0.000361956 0.569839
0.085 0.5 0.0284913 0.386021 -0.000550404 0.567844
0.086 0.5 0.0284027 0.384669 -0.000738851 0.565867
0.087 0.5 0.0283037 0.383282 -0.000927298 0.563907
0.088 0.5 0.0281942 0.38186 -0.00111574 0.561964
0.089 0.5 0.0280742 0.380402 -0.00130419 0.560039
0.09 0.5 0.0279438 0.378909 -0.00149264 0.558132
0.091 0.5 0.0278029 0.37738 -0.00168109 0.556243
0.092 0.5 0.0276516 0.375816 -0.00186953 0.554371
0.093 0.5 0.0274897 0.374217 -0.00205798 0.552516
0.094 0.5 0.0273175 0.372582 -0.00224643 0.550679
0.095 0.5 0.0271347 0.370912 -0.00243487 0.54886
0.096 0.5 0.0269415 0.369207 -0.00262332 0.547058
0.097 0.5 0.0267378 0.367466 -0.00281177 0.545274
0.098 0.5 0.0265237 0.36569 -0.00300022 0.543508
0.099 0.5 0.0262991 0.363878 -0.00318866 0.541759
0.1 0.5 0.026064 0.362031 -0.00337711 0.540028
0.101 0.5 0.0259191 0.360375 -0.00355426 0.53843
0.102 0.5 0.0257757 0.358724 -0.00373141 0.536862
0.103 0.5 0.0256339 0.35708 -0.00390856 0.535323
0.104 0.5 0.0254937 0.355443 -0.0040857 0.533813
0.105 0.5 0.0253551 0.353812 -0.00426285 0.532331
0.106 0.5 0.025218 0.352186 -0.00444 0.530878
0.107 0.5 0.0250825 0.350568 -0.00461715 0.529455
0.108 0.5 0.0249485 0.348955 -0.0047943 0.52806
0.109 0.5 0.0248161 0.347349 -0.00497145 0.526694
0.11 0.5 0.0246853 0.345749 -0.00514859 0.525356
0.111 0.5 0.024556 0.344156 -0.00532574 0.524048
0.112 0.5 0.0244283 0.342568 -0.00550289 0.522769
0.113 0.5 0.0243022 0.340987 -0.00568004 0.521518
0.114 0.5 0.0241776 0.339412 -0.00585719 0.520296
0.115 0.5 0.0240546 0.337844 -0.00603434 0.519103
0.116 0.5 0.0239332 0.336282 -0.00621148 0.517939
0.117 0.5 0.0238133 0.334726 -0.00638863 0.516804
0.118 0.5 0.023695 0.333176 -0.00656578 0.515698
0.119 0.5 0.0235783 0.331633 -0.00674293 0.514621
0.12 0.5 0.0234631 0.330096 -0.00692008 0.513572
0.121 0.5 0.0233495 0.328565 -0.00709723 0.512553
0.122 0.5 0.0232375 0.32704 -0.00727437 0.511562
0.123 0.5 0.023127 0.325522 -0.00745152 0.5106
0.124 0.5 0.0230181 0.32401 -0.00762867 0.509667
0.125 0.5 0.0229108 0.322505 -0.00780582 0.508763
0.126 0.5 0.022805 0.321005 -0.00798297 0.507888
0.127 0.5 0.0227008 0.319512 -0.00816012 0.507041
0.128 0.5 0.0225982 0.318025 -0.00833726 0.506224
0.129 0.5 0.0224971 0.316545 -0.00851441 0.505435
0.13 0.5 0.0223976 0.315071 -0.00869156 0.504676
0.131 0.5 0.0222996 0.313603 -0.00886871 0.503945
0.132 0.5 0.0222033 0.312141 -0.00904586 0.503243
0.133 0.5 0.0221084 0.310686 -0.00922301 0.50257
0.134 0.5 0.0220193 0.309266 -0.00939022 0.501931
0.135 0.5 0.0219337 0.307868 -0.00955246 0.501315
0.136 0.5 0.0218495 0.306477 -0.00971471 0.500715
0.137 0.5 0.0217669 0.305094 -0.00987695 0.500131
0.138 0.5 0.0216858 0.303718 -0.0100392 0.499564
0.139 0.5 0.0216061 0.302349 -0.0102014 0.499013
0.14 0.5 0.021528 0.300987 -0.0103637 0.498479
0.141 0.5 0.0214513 0.299633 -0.0105259 0.497961
0.142 0.5 0.0213761 0.298286 -0.0106882 0.497459
0.143 0.5 0.0213024 0.296947 -0.0108504 0.496974
0.144 0.5 0.0212302 0.295615 -0.0110127 0.496505
0.145 0.5 0.0211595 0.29429 -0.0111749 0.496053
0.146 0.5 0.0210903 0.292972 -0.0113371 0.495617
0.147 0.5 0.0210225 0.291662 -0.0114994 0.495197
0.148 0.5 0.0209563 0.290359 -0.0116616 0.494794
0.149 0.5 0.0208915 0.289063 -0.0118239 0.494408
0.15 0.5 0.0208283 0.287775 -0.0119861 0.494037
0.151 0.5 0.0207665 0.286494 -0.0121484 0.493683
0.152 0.5 0.0207062 0.28522 -0.0123106 0.493346
0.153 0.5 0.0206474 0.283954 -0.0124729 0.493025
0.154 0.5 0.0205901 0.282695 -0.0126351 0.49272
0.155 0.5 0.0205343 0.281443 -0.0127973 0.492432
0.156 0.5 0.02048 0.280199 -0.0129596 0.49216
0.157 0.5 0.0204271 0.278962 -0.0131218 0.491904
0.158 0.5 0.0203758 0.277732 -0.0132841 0.491665
0.159 0.5 0.0203259 0.276509 -0.0134463 0.491443
0.16 0.5 0.0202776 0.275294 -0.0136086 0.491236
0.161 0.5 0.0202307 0.274086 -0.0137708 0.491046
0.162 0.5 0.0201853 0.272886 -0.0139331 0.490873
0.163 0.5 0.0201414 0.271693 -0.0140953 0.490716
0.164 0.5 0.020099 0.270507 -0.0142575 0.490575
0.165 0.5 0.0200581 0.269328 -0.0144198 0.490451
0.166 0.5 0.0200187 0.268157 -0.014582 0.490343
0.167 0.5 0.0199769 0.266996 -0.0147398 0.490247
0.168 0.5 0.0199282 0.265845 -0.0148886 0.49015
0.169 0.5 0.0198801 0.264699 -0.0150374 0.49006
0.17 0.5 0.0198326 0.263559 -0.0151862 0.489975
0.171 0.5 0.0197857 0.262423 -0.0153349 0.489897
0.172 0.5 0.0197393 0.261292 -0.0154837 0.489824
0.173 0.5 0.0196935 0.260167 -0.0156325 0.489758
0.174 0.5 0.0196483 0.259046 -0.0157813 0.489698
0.175 0.5 0.0196037 0.25793 -0.0159301 0.489645
0.176 0.5 0.0195596 0.256819 -0.0160789 0.489597
0.177 0.5 0.0195161 0.255714 -0.0162277 0.489555
0.178 0.5 0.0194731 0.254613 -0.0163765 0.48952
0.179 0.5 0.0194307 0.253517 -0.0165253 0.489491
0.18 0.5 0.0193889 0.252427 -0.0166741 0.489467
0.181 0.5 0.0193477 0.251341 -0.0168228 0.48945
0.182 0.5 0.019307 0.25026 -0.0169716 0.48944
0.183 0.5 0.0192669 0.249185 -0.0171204 0.489435
0.184 0.5 0.0192274 0.248114 -0.0172692 0.489436
0.185 0.5 0.0191884 0.247048 -0.017418 0.489444
0.186 0.5 0.01915 0.245988 -0.0175668 0.489458
0.187 0.5 0.0191122 0.244932 -0.0177156 0.489477
0.188 0.5 0.0190749 0.243881 -0.0178644 0.489503
0.189 0.5 0.0190382 0.242836 -0.0180132 0.489535
0.19 0.5 0.0190021 0.241795 -0.0181619 0.489574
0.191 0.5 0.0189666 0.240759 -0.0183107 0.489618
0.192 0.5 0.0189316 0.239729 -0.0184595 0.489669
0.193 0.5 0.0188972 0.238703 -0.0186083 0.489725
0.194 0.5 0.0188633 0.237682 -0.0187571 0.489788
0.195 0.5 0.0188301 0.236667 -0.0189059 0.489857
0.196 0.5 0.0187974 0.235656 -0.0190547 0.489932
0.197 0.5 0.0187652 0.23465 -0.0192035 0.490013
0.198 0.5 0.0187337 0.233649 -0.0193523 0.490101
0.199 0.5 0.0187027 0.232654 -0.0195011 0.490194
0.2 0.5 0.0186723 0.231663 -0.0196498 0.490294
0.201 0.5 0.0186317 0.230681 -0.0197861 0.490387
0.202 0.5 0.0185911 0.229701 -0.0199225 0.49048
0.203 0.5 0.0185506 0.228725 -0.0200588 0.490575
0.204 0.5 0.01851 0.227753 -0.0201951 0.490671
0.205 0.5 0.0184695 0.226783 -0.0203314 0.490767
0.206 0.5 0.018429 0.225817 -0.0204677 0.490865
0.207 0.5 0.0183884 0.224855 -0.020604 0.490964
0.208 0.5 0.0183479 0.223895 -0.0207403 0.491063
0.209 0.5 0.0183074 0.222939 -0.0208766 0.491164
0.21 0.5 0.0182668 0.221987 -0.0210129 0.491265
0.211 0.5 0.0182263 0.221037 -0.0211492 0.491368
0.212 0.5 0.0181858 0.220091 -0.0212855 0.491471
0.213 0.5 0.0181453 0.219149 -0.0214218 0.491576
0.214 0.5 0.0181048 0.218209 -0.0215582 0.491681
0.215 0.5 0.0180643 0.217273 -0.0216945 0.491787
0.216 0.5 0.0180238 0.21634 -0.0218308 0.491895
0.217 0.5 0.0179833 0.215411 -0.0219671 0.492003
0.218 0.5 0.0179428 0.214485 -0.0221034 0.492112
0.219 0.5 0.0179023 0.213562 -0.0222397 0.492223
0.22 0.5 0.0178618 0.212642 -0.022376 0.492334
0.221 0.5 0.0178213 0.211726 -0.0225123 0.492446
0.222 0.5 0.0177808 0.210813 -0.0226486 0.492559
0.223 0.5 0.0177404 0.209904 -0.0227849 0.492673
0.224 0.5 0.0176999 0.208997 -0.0229212 0.492788
0.225 0.5 0.0176594 0.208094 -0.0230575 0.492904
0.226 0.5 0.017619 0.207195 -0.0231939 0.493021
0.227 0.5 0.0175785 0.206298 -0.0233302 0.493139
0.228 0.5 0.0175381 0.205405 -0.0234665 0.493258
0.229 0.5 0.0174976 0.204516 -0.0236028 0.493378
0.23 0.5 0.0174572 0.203629 -0.0237391 0.493499
0.231 0.5 0.0174167 0.202746 -0.0238754 0.493621
0.232 0.5 0.0173763 0.201867 -0.0240117 0.493744
0.233 0.5 0.0173358 0.20099 -0.024148 0.493868
0.234 0.5 0.0172911 0.200119 -0.024276 0.493988
0.235 0.5 0.0172441 0.19925 -0.0243997 0.494106
0.236 0.5 0.0171969 0.198383 -0.0245235 0.494223
0.237 0.5 0.0171495 0.197518 -0.0246473 0.494339
0.238 0.5 0.0171019 0.196656 -0.024771 0.494454
0.239 0.5 0.0170541 0.195795 -0.0248948 0.494568
0.24 0.5 0.0170061 0.194937 -0.0250185 0.494681
0.241 0.5 0.0169579 0.19408 -0.0251423 0.494793
0.242 0.5 0.0169096 0.193226 -0.0252661 0.494904
0.243 0.5 0.016861 0.192374 -0.0253898 0.495015
0.244 0.5 0.0168122 0.191523 -0.0255136 0.495124
0.245 0.5 0.0167633 0.190675 -0.0256374 0.495232
0.246 0.5 0.0167141 0.189829 -0.0257611 0.49534
0.247 0.5 0.0166648 0.188985 -0.0258849 0.495446
0.248 0.5 0.0166152 0.188143 -0.0260087 0.495551
0.249 0.5 0.0165655 0.187303 -0.0261324 0.495656
0.25 0.5 0.0165155 0.186466 -0.0262562 0.49576
0.251 0.5 0.0164654 0.18563 -0.02638 0.495862
0.252 0.5 0.0164151 0.184796 -0.0265037 0.495964
0.253 0.5 0.0163646 0.183965 -0.0266275 0.496065
0.254 0.5 0.0163138 0.183135 -0.0267513 0.496164
0.255 0.5 0.0162629 0.182308 -0.026875 0.496263
0.256 0.5 0.0162118 0.181482 -0.0269988 0.496361
0.257 0.5 0.0161605 0.180659 -0.0271225 0.496458
0.258 0.5 0.016109 0.179838 -0.0272463 0.496554
0.259 0.5 0.0160574 0.179019 -0.0273701 0.496649
0.26 0.5 0.0160055 0.178201 -0.0274938 0.496743
0.261 0.5 0.0159534 0.177386 -0.0276176 0.496836
0.262 0.5 0.0159011 0.176573 -0.0277414 0.496929
0.263 0.5 0.0158486 0.175763 -0.0278651 0.49702
0.264 0.5 0.015796 0.174954 -0.0279889 0.49711
0.265 0.5 0.0157431 0.174147 -0.0281127 0.497199
0.266 0.5 0.0156901 0.173342 -0.0282364 0.497288
0.267 0.5 0.015636 0.17254 -0.0283558 0.497374
0.268 0.5 0.0155802 0.17174 -0.0284663 0.497458
0.269 0.5 0.0155241 0.170941 -0.0285768 0.497541
0.27 0.5 0.0154677 0.170143 -0.0286874 0.497622
0.271 0.5 0.0154112 0.169346 -0.0287979 0.497702
0.272 0.5 0.0153544 0.16855 -0.0289084 0.497781
0.273 0.5 0.0152974 0.167756 -0.029019 0.497859
0.274 0.5 0.0152402 0.166962 -0.0291295 0.497935
0.275 0.5 0.0151827 0.16617 -0.02924 0.49801
0.276 0.5 0.0151251 0.165379 -0.0293505 0.498084
0.277 0.5 0.0150672 0.164589 -0.0294611 0.498157
0.278 0.5 0.015009 0.163801 -0.0295716 0.498228
0.279 0.5 0.0149507 0.163013 -0.0296821 0.498299
0.28 0.5 0.0148921 0.162227 -0.0297927 0.498368
0.281 0.5 0.0148333 0.161441 -0.0299032 0.498435
0.282 0.5 0.0147743 0.160657 -0.0300137 0.498502
0.283 0.5 0.014715 0.159874 -0.0301242 0.498567
0.284 0.5 0.0146555 0.159092 -0.0302348 0.498631
0.285 0.5 0.0145958 0.158312 -0.0303453 0.498694
0.286 0.5 0.0145359 0.157532 -0.0304558 0.498756
0.287 0.5 0.0144757 0.156754 -0.0305664 0.498816
0.288 0.5 0.0144153 0.155976 -0.0306769 0.498875
0.289 0.5 0.0143547 0.1552 -0.0307874 0.498933
0.29 0.5 0.0142939 0.154425 -0.030898 0.49899
0.291 0.5 0.0142328 0.153652 -0.0310085 0.499045
0.292 0.5 0.0141715 0.152879 -0.031119 0.4991
0.293 0.5 0.01411 0.152107 -0.0312295 0.499152
0.294 0.5 0.0140483 0.151337 -0.0313401 0.499204
0.295 0.5 0.0139863 0.150568 -0.0314506 0.499255
0.296 0.5 0.0139241 0.1498 -0.0315611 0.499304
0.297 0.5 0.0138617 0.149033 -0.0316717 0.499352
0.298 0.5 0.0137991 0.148267 -0.0317822 0.499399
0.299 0.5 0.0137362 0.147503 -0.0318927 0.499445
0.3 0.5 0.0136731 0.146739 -0.0320032 0.499489
0.301 0.5 0.0136102 0.145977 -0.0320994 0.499532
0.302 0.5 0.0135471 0.145215 -0.0321956 0.499573
0.303 0.5 0.0134838 0.144454 -0.0322917 0.499614
0.304 0.5 0.0134203 0.143694 -0.0323879 0.499654
0.305 0.5 0.0133567 0.142934 -0.0324841 0.499694
0.306 0.5 0.0132929 0.142174 -0.0325802 0.499732
0.307 0.5 0.0132289 0.141415 -0.0326764 0.499769
0.308 0.5 0.0131647 0.140657 -0.0327726 0.499806
0.309 0.5 0.0131003 0.139899 -0.0328687 0.499841
0.31 0.5 0.0130358 0.139142 -0.0329649 0.499876
0.311 0.5 0.012971 0.138386 -0.0330611 0.49991
0.312 0.5 0.0129061 0.13763 -0.0331572 0.499943
0.313 0.5 0.012841 0.136874 -0.0332534 0.499975
0.314 0.5 0.0127758 0.136119 -0.0333496 0.500006
0.315 0.5 0.0127103 0.135365 -0.0334457 0.500036
0.316 0.5 0.0126447 0.134611 -0.0335419 0.500066
0.317 0.5 0.0125789 0.133858 -0.0336381 0.500094
0.318 0.5 0.0125129 0.133106 -0.0337342 0.500122
0.319 0.5 0.0124467 0.132354 -0.0338304 0.500148
0.32 0.5 0.0123804 0.131602 -0.0339266 0.500174
0.321 0.5 0.0123139 0.130851 -0.0340227 0.500199
0.322 0.5 0.0122471 0.130101 -0.0341189 0.500223
0.323 0.5 0.0121802 0.129351 -0.0342151 0.500246
0.324 0.5 0.0121132 0.128602 -0.0343112 0.500268
0.325 0.5 0.0120459 0.127853 -0.0344074 0.50029
0.326 0.5 0.0119785 0.127105 -0.0345036 0.50031
0.327 0.5 0.0119109 0.126358 -0.0345997 0.50033
0.328 0.5 0.0118431 0.125611 -0.0346959 0.500349
0.329 0.5 0.0117751 0.124865 -0.0347921 0.500366
0.33 0.5 0.0117069 0.124119 -0.0348882 0.500383
0.331 0.5 0.0116386 0.123374 -0.0349844 0.500399
0.332 0.5 0.0115701 0.122629 -0.0350806 0.500414
0.333 0.5 0.0115014 0.121885 -0.0351767 0.500429
0.334 0.5 0.0114336 0.121141 -0.0352625 0.500442
0.335 0.5 0.0113663 0.120398 -0.035343 0.500455
0.336 0.5 0.0112989 0.119655 -0.0354235 0.500468
0.337 0.5 0.0112313 0.118913 -0.0355041 0.500481
0.338 0.5 0.0111636 0.11817 -0.0355846 0.500492
0.339 0.5 0.0110959 0.117428 -0.0356651 0.500504
0.34 0.5 0.011028 0.116686 -0.0357457 0.500515
0.341 0.5 0.01096 0.115945 -0.0358262 0.500525
0.342 0.5 0.0108919 0.115204 -0.0359067 0.500535
0.343 0.5 0.0108237 0.114463 -0.0359873 0.500545
0.344 0.5 0.0107554 0.113722 -0.0360678 0.500554
0.345 0.5 0.010687 0.112981 -0.0361483 0.500562
0.346 0.5 0.0106184 0.112241 -0.0362289 0.500571
0.347 0.5 0.0105498 0.111501 -0.0363094 0.500578
0.348 0.5 0.010481 0.110762 -0.0363899 0.500586
0.349 0.5 0.0104122 0.110022 -0.0364705 0.500592
0.35 0.5 0.0103432 0.109283 -0.036551 0.500599
0.351 0.5 0.0102741 0.108544 -0.0366315 0.500605
0.352 0.5 0.0102049 0.107805 -0.0367121 0.50061
0.353 0.5 0.0101356 0.107067 -0.0367926 0.500615
0.354 0.5 0.0100662 0.106329 -0.0368731 0.500619
0.355 0.5 0.00999667 0.105591 -0.0369537 0.500623
0.356 0.5 0.00992704 0.104854 -0.0370342 0.500627
0.357 0.5 0.0098573 0.104116 -0.0371147 0.50063
0.358 0.5 0.00978744 0.103379 -0.0371952 0.500633
0.359 0.5 0.00971748 0.102643 -0.0372758 0.500635
0.36 0.5 0.00964741 0.101906 -0.0373563 0.500636
0.361 0.5 0.00957723 0.10117 -0.0374368 0.500638
0.362 0.5 0.00950694 0.100434 -0.0375174 0.500639
0.363 0.5 0.00943654 0.0996982 -0.0375979 0.500639
0.364 0.5 0.00936603 0.0989627 -0.0376784 0.500639
0.365 0.5 0.00929541 0.0982276 -0.037759 0.500638
0.366 0.5 0.00922469 0.0974927 -0.0378395 0.500637
0.367 0.5 0.00915444 0.0967581 -0.0379144 0.500636
0.368 0.5 0.00908532 0.0960238 -0.0379782 0.500634
0.369 0.5 0.00901615 0.0952897 -0.0380419 0.500633
0.37 0.5 0.00894694 0.0945557 -0.0381057 0.500632
0.371 0.5 0.00887768 0.0938218 -0.0381694 0.50063
0.372 0.5 0.00880837 0.0930881 -0.0382332 0.500628
0.373 0.5 0.00873903 0.0923545 -0.0382969 0.500626
0.374 0.5 0.00866963 0.0916211 -0.0383607 0.500624
0.375 0.5 0.00860019 0.0908877 -0.0384244 0.500621
0.376 0.5 0.00853071 0.0901546 -0.0384882 0.500619
0.377 0.5 0.00846118 0.0894215 -0.0385519 0.500616
0.378 0.5 0.00839161 0.0886886 -0.0386157 0.500614
0.379 0.5 0.00832199 0.0879559 -0.0386794 0.500611
0.38 0.5 0.00825233 0.0872233 -0.0387432 0.500607
0.381 0.5 0.00818262 0.0864908 -0.038807 0.500604
0.382 0.5 0.00811287 0.0857584 -0.0388707 0.500601
0.383 0.5 0.00804307 0.0850262 -0.0389345 0.500597
0.384 0.5 0.00797323 0.0842942 -0.0389982 0.500593
0.385 0.5 0.00790334 0.0835622 -0.039062 0.50059
0.386 0.5 0.0078334 0.0828304 -0.0391257 0.500586
0.387 0.5 0.00776343 0.0820988 -0.0391895 0.500581
0.388 0.5 0.0076934 0.0813673 -0.0392532 0.500577
0.389 0.5 0.00762333 0.0806359 -0.039317 0.500572
0.39 0.5 0.00755322 0.0799047 -0.0393807 0.500568
0.391 0.5 0.00748306 0.0791736 -0.0394445 0.500563
0.392 0.5 0.00741286 0.0784426 -0.0395082 0.500558
0.393 0.5 0.00734261 0.0777118 -0.039572 0.500553
0.394 0.5 0.00727232 0.0769811 -0.0396357 0.500548
0.395 0.5 0.00720198 0.0762505 -0.0396995 0.500542
0.396 0.5 0.0071316 0.0755201 -0.0397632 0.500536
0.397 0.5 0.00706117 0.0747898 -0.039827 0.500531
0.398 0.5 0.0069907 0.0740597 -0.0398907 0.500525
0.399 0.5 0.00692018 0.0733297 -0.0399545 0.500519
0.4 0.5 0.00684962 0.0725999 -0.0400182 0.500512
0.401 0.5 0.00678037 0.0718704 -0.0400643 0.500507
0.402 0.5 0.00671111 0.0711409 -0.0401104 0.500501
0.403 0.5 0.00664186 0.0704116 -0.0401565 0.500495
0.404 0.5 0.0065726 0.0696823 -0.0402026 0.500489
0.405 0.5 0.00650333 0.0689532 -0.0402487 0.500483
0.406 0.5 0.00643406 0.0682241 -0.0402948 0.500477
0.407 0.5 0.00636479 0.0674951 -0.0403409 0.500471
0.408 0.5 0.00629552 0.0667662 -0.040387 0.500465
0.409 0.5 0.00622624 0.0660374 -0.0404331 0.500459
0.41 0.5 0.00615695 0.0653086 -0.0404792 0.500453
0.411 0.5 0.00608766 0.06458 -0.0405253 0.500447
0.412 0.5 0.00601837 0.0638514 -0.0405714 0.500441
0.413 0.5 0.00594908 0.0631229 -0.0406175 0.500435
0.414 0.5 0.00587978 0.0623946 -0.0406635 0.500429
0.415 0.5 0.00581047 0.0616663 -0.0407096 0.500423
0.416 0.5 0.00574117 0.060938 -0.0407557 0.500417
0.417 0.5 0.00567185 0.0602099 -0.0408018 0.500411
0.418 0.5 0.00560254 0.0594818 -0.0408479 0.500405
0.419 0.5 0.00553322 0.0587539 -0.040894 0.500399
0.42 0.5 0.0054639 0.058026 -0.0409401 0.500393
0.421 0.5 0.00539457 0.0572982 -0.0409862 0.500387
0.422 0.5 0.00532524 0.0565705 -0.0410323 0.500381
0.423 0.5 0.0052559 0.0558429 -0.0410784 0.500375
0.424 0.5 0.00518656 0.0551154 -0.0411245 0.500369
0.425 0.5 0.00511722 0.0543879 -0.0411706 0.500363
0.426 0.5 0.00504787 0.0536606 -0.0412167 0.500357
0.427 0.5 0.00497852 0.0529333 -0.0412628 0.500351
0.428 0.5 0.00490917 0.0522061 -0.0413089 0.500345
0.429 0.5 0.00483981 0.051479 -0.041355 0.500339
0.43 0.5 0.00477045 0.050752 -0.0414011 0.500333
0.431 0.5 0.00470108 0.050025 -0.0414472 0.500327
0.432 0.5 0.00463171 0.0492982 -0.0414933 0.500321
0.433 0.5 0.00456234 0.0485714 -0.0415394 0.500315
0.434 0.5 0.00449349 0.0478449 -0.0415733 0.500309
0.435 0.5 0.00442493 0.0471185 -0.0416012 0.500303
0.436 0.5 0.00435637 0.0463921 -0.041629 0.500298
0.437 0.5 0.00428783 0.0456658 -0.0416569 0.500292
0.438 0.5 0.00421929 0.0449396 -0.0416848 0.500286
0.439 0.5 0.00415077 0.0442134 -0.0417126 0.500281
0.44 0.5 0.00408226 0.0434872 -0.0417405 0.500275
0.441 0.5 0.00401375 0.0427611 -0.0417684 0.500269
0.442 0.5 0.00394526 0.0420351 -0.0417962 0.500264
0.443 0.5 0.00387678 0.0413091 -0.0418241 0.500258
0.444 0.5 0.00380831 0.0405831 -0.041852 0.500253
0.445 0.5 0.00373985 0.0398572 -0.0418798 0.500248
0.446 0.5 0.0036714 0.0391314 -0.0419077 0.500242
0.447 0.5 0.00360296 0.0384056 -0.0419356 0.500237
0.448 0.5 0.00353453 0.0376799 -0.0419634 0.500232
0.449 0.5 0.00346612 0.0369542 -0.0419913 0.500226
0.45 0.5 0.00339771 0.0362286 -0.0420192 0.500221
0.451 0.5 0.00332931 0.035503 -0.042047 0.500216
0.452 0.5 0.00326093 0.0347775 -0.0420749 0.500211
0.453 0.5 0.00319255 0.0340521 -0.0421028 0.500206
0.454 0.5 0.00312419 0.0333267 -0.0421306 0.500201
0.455 0.5 0.00305584 0.0326013 -0.0421585 0.500196
0.456 0.5 0.00298749 0.031876 -0.0421864 0.500191
0.457 0.5 0.00291916 0.0311507 -0.0422142 0.500186
0.458 0.5 0.00285084 0.0304255 -0.0422421 0.500181
0.459 0.5 0.00278253 0.0297004 -0.04227 0.500176
0.46 0.5 0.00271423 0.0289753 -0.0422978 0.500171
0.461 0.5 0.00264594 0.0282503 -0.0423257 0.500166
0.462 0.5 0.00257766 0.0275253 -0.0423536 0.500161
0.463 0.5 0.00250939 0.0268004 -0.0423814 0.500157
0.464 0.5 0.00244113 0.0260755 -0.0424093 0.500152
0.465 0.5 0.00237289 0.0253507 -0.0424372 0.500147
0.466 0.5 0.00230465 0.0246259 -0.042465 0.500143
0.467 0.5 0.00223654 0.0239012 -0.0424867 0.500138
0.468 0.5 0.00216867 0.0231766 -0.042496 0.500134
0.469 0.5 0.00210081 0.0224521 -0.0425053 0.500129
0.47 0.5 0.00203295 0.0217275 -0.0425147 0.500125
0.471 0.5 0.0019651 0.021003 -0.042524 0.50012
0.472 0.5 0.00189726 0.0202785 -0.0425333 0.500116
0.473 0.5 0.00182942 0.019554 -0.0425426 0.500111
0.474 0.5 0.00176159 0.0188296 -0.042552 0.500107
0.475 0.5 0.00169376 0.0181051 -0.0425613 0.500103
0.476 0.5 0.00162594 0.0173807 -0.0425706 0.500098
0.477 0.5 0.00155813 0.0166563 -0.0425799 0.500094
0.478 0.5 0.00149032 0.0159319 -0.0425892 0.50009
0.479 0.5 0.00142251 0.0152075 -0.0425986 0.500086
0.48 0.5 0.00135472 0.0144832 -0.0426079 0.500081
0.481 0.5 0.00128693 0.0137588 -0.0426172 0.500077
0.482 0.5 0.00121914 0.0130345 -0.0426265 0.500073
0.483 0.5 0.00115136 0.0123102 -0.0426358 0.500069
0.484 0.5 0.00108359 0.0115859 -0.0426452 0.500064
0.485 0.5 0.00101582 0.0108617 -0.0426545 0.50006
0.486 0.5 0.000948055 0.0101374 -0.0426638 0.500056
0.487 0.5 0.000880299 0.00941322 -0.0426731 0.500052
0.488 0.5 0.000812548 0.00868901 -0.0426825 0.500048
0.489 0.5 0.000744804 0.00796483 -0.0426918 0.500044
0.49 0.5 0.000677065 0.00724066 -0.0427011 0.50004
0.491 0.5 0.000609332 0.00651651 -0.0427104 0.500036
0.492 0.5 0.000541605 0.00579238 -0.0427197 0.500032
0.493 0.5 0.000473883 0.00506827 -0.0427291 0.500028
0.494 0.5 0.000406168 0.00434417 -0.0427384 0.500024
0.495 0.5 0.000338458 0.0036201 -0.0427477 0.50002
0.496 0.5 0.000270755 0.00289604 -0.042757 0.500016
0.497 0.5 0.000203057 0.002172 -0.0427663 0.500012
0.498 0.5 0.000135365 0.00144798 -0.0427757 0.500008
0.499 0.5 6.76787e-05 0.000723983 -0.042785 0.500004
0.5 0.5 -1.55776e-09 -9.7953e-11 -0.0427943 0.5
0.501 0.5 -6.76818e-05 -0.000723983 -0.042785 0.499996
0.502 0.5 -0.000135368 -0.00144798 -0.0427757 0.499992
0.503 0.5 -0.00020306 -0.002172 -0.0427663 0.499988
0.504 0.5 -0.000270758 -0.00289604 -0.042757 0.499984
0.505 0.5 -0.000338462 -0.0036201 -0.0427477 0.49998
0.506 0.5 -0.000406171 -0.00434417 -0.0427384 0.499976
0.507 0.5 -0.000473887 -0.00506827 -0.0427291 0.499972
0.508 0.5 -0.000541608 -0.00579238 -0.0427197 0.499968
0.509 0.5 -0.000609335 -0.00651651 -0.0427104 0.499964
0.51 0.5 -0.000677068 -0.00724066 -0.0427011 0.49996
0.511 0.5 -0.000744807 -0.00796483 -0.0426918 0.499956
0.512 0.5 -0.000812552 -0.00868901 -0.0426825 0.499952
0.513 0.5 -0.000880302 -0.00941322 -0.0426731 0.499948
0.514 0.5 -0.000948059 -0.0101374 -0.0426638 0.499944
0.515 0.5 -0.00101582 -0.0108617 -0.0426545 0.49994
0.516 0.5 -0.00108359 -0.0115859 -0.0426452 0.499936
0.517 0.5 -0.00115136 -0.0123102 -0.0426358 0.499931
0.518 0.5 -0.00121914 -0.0130345 -0.0426265 0.499927
0.519 0.5 -0.00128693 -0.0137588 -0.0426172 0.499923
0.52 0.5 -0.00135472 -0.0144832 -0.0426079 0.499919
0.521 0.5 -0.00142252 -0.0152075 -0.0425986 0.499914
0.522 0.5 -0.00149032 -0.0159319 -0.0425892 0.49991
0.523 0.5 -0.00155813 -0.0166563 -0.0425799 0.499906
0.524 0.5 -0.00162594 -0.0173807 -0.0425706 0.499902
0.525 0.5 -0.00169377 -0.0181051 -0.0425613 0.499897
0.526 0.5 -0.00176159 -0.0188296 -0.042552 0.499893
0.527 0.5 -0.00182943 -0.019554 -0.0425426 0.499889
0.528 0.5 -0.00189726 -0.0202785 -0.0425333 0.499884
0.529 0.5 -0.00196511 -0.021003 -0.042524 0.49988
0.53 0.5 -0.00203296 -0.0217275 -0.0425147 0.499875
0.531 0.5 -0.00210081 -0.0224521 -0.0425053 0.499871
0.532 0.5 -0.00216868 -0.0231766 -0.042496 0.499866
0.533 0.5 -0.00223654 -0.0239012 -0.0424867 0.499862
0.534 0.5 -0.00230465 -0.0246259 -0.042465 0.499857
0.535 0.5 -0.00237289 -0.0253507 -0.0424372 0.499853
0.536 0.5 -0.00244114 -0.0260755 -0.0424093 0.499848
0.537 0.5 -0.00250939 -0.0268004 -0.0423814 0.499843
0.538 0.5 -0.00257766 -0.0275253 -0.0423536 0.499839
0.539 0.5 -0.00264594 -0.0282503 -0.0423257 0.499834
0.54 0.5 -0.00271423 -0.0289753 -0.0422978 0.499829
0.541 0.5 -0.00278253 -0.0297004 -0.04227 0.499824
0.542 0.5 -0.00285084 -0.0304255 -0.0422421 0.499819
0.543 0.5 -0.00291916 -0.0311507 -0.0422142 0.499814
0.544 0.5 -0.0029875 -0.031876 -0.0421864 0.499809
0.545 0.5 -0.00305584 -0.0326013 -0.0421585 0.499804
0.546 0.5 -0.00312419 -0.0333267 -0.0421306 0.499799
0.547 0.5 -0.00319256 -0.0340521 -0.0421028 0.499794
0.548 0.5 -0.00326093 -0.0347775 -0.0420749 0.499789
0.549 0.5 -0.00332932 -0.035503 -0.042047 0.499784
0.55 0.5 -0.00339771 -0.0362286 -0.0420192 0.499779
0.551 0.5 -0.00346612 -0.0369542 -0.0419913 0.499774
0.552 0.5 -0.00353454 -0.0376799 -0.0419634 0.499768
0.553 0.5 -0.00360297 -0.0384056 -0.0419356 0.499763
0.554 0.5 -0.0036714 -0.0391314 -0.0419077 0.499758
0.555 0.5 -0.00373985 -0.0398572 -0.0418798 0.499752
0.556 0.5 -0.00380831 -0.0405831 -0.041852 0.499747
0.557 0.5 -0.00387678 -0.0413091 -0.0418241 0.499742
0.558 0.5 -0.00394527 -0.0420351 -0.0417962 0.499736
0.559 0.5 -0.00401376 -0.0427611 -0.0417684 0.499731
0.56 0.5 -0.00408226 -0.0434872 -0.0417405 0.499725
0.561 0.5 -0.00415077 -0.0442134 -0.0417126 0.499719
0.562 0.5 -0.0042193 -0.0449396 -0.0416848 0.499714
0.563 0.5 -0.00428783 -0.0456658 -0.0416569 0.499708
0.564 0.5 -0.00435638 -0.0463921 -0.041629 0.499702
0.565 0.5 -0.00442493 -0.0471185 -0.0416012 0.499697
0.566 0.5 -0.0044935 -0.0478449 -0.0415733 0.499691
0.567 0.5 -0.00456234 -0.0485714 -0.0415394 0.499685
0.568 0.5 -0.00463171 -0.0492982 -0.0414933 0.499679
0.569 0.5 -0.00470108 -0.050025 -0.0414472 0.499673
0.57 0.5 -0.00477045 -0.050752 -0.0414011 0.499667
0.571 0.5 -0.00483981 -0.051479 -0.041355 0.499661
0.572 0.5 -0.00490917 -0.0522061 -0.0413089 0.499655
0.573 0.5 -0.00497853 -0.0529333 -0.0412628 0.499649
0.574 0.5 -0.00504788 -0.0536606 -0.0412167 0.499643
0.575 0.5 -0.00511722 -0.0543879 -0.0411706 0.499637
0.576 0.5 -0.00518657 -0.0551154 -0.0411245 0.499631
0.577 0.5 -0.00525591 -0.0558429 -0.0410784 0.499625
0.578 0.5 -0.00532524 -0.0565705 -0.0410323 0.499619
0.579 0.5 -0.00539457 -0.0572982 -0.0409862 0.499613
0.58 0.5 -0.0054639 -0.058026 -0.0409401 0.499607
0.581 0.5 -0.00553322 -0.0587539 -0.040894 0.499601
0.582 0.5 -0.00560254 -0.0594818 -0.0408479 0.499595
0.583 0.5 -0.00567186 -0.0602099 -0.0408018 0.499589
0.584 0.5 -0.00574117 -0.060938 -0.0407557 0.499583
0.585 0.5 -0.00581048 -0.0616663 -0.0407096 0.499577
0.586 0.5 -0.00587978 -0.0623946 -0.0406635 0.499571
0.587 0.5 -0.00594908 -0.0631229 -0.0406175 0.499565
0.588 0.5 -0.00601838 -0.0638514 -0.0405714 0.499559
0.589 0.5 -0.00608767 -0.06458 -0.0405253 0.499553
0.59 0.5 -0.00615696 -0.0653086 -0.0404792 0.499547
0.591 0.5 -0.00622624 -0.0660374 -0.0404331 0.499541
0.592 0.5 -0.00629552 -0.0667662 -0.040387 0.499535
0.593 0.5 -0.0063648 -0.0674951 -0.0403409 0.499529
0.594 0.5 -0.00643407 -0.0682241 -0.0402948 0.499523
0.595 0.5 -0.00650334 -0.0689532 -0.0402487 0.499517
0.596 0.5 -0.0065726 -0.0696823 -0.0402026 0.499511
0.597 0.5 -0.00664186 -0.0704116 -0.0401565 0.499505
0.598 0.5 -0.00671112 -0.0711409 -0.0401104 0.499499
0.599 0.5 -0.00678037 -0.0718704 -0.0400643 0.499493
0.6 0.5 -0.00684962 -0.0725999 -0.0400182 0.499488
0.601 0.5 -0.00692018 -0.0733297 -0.0399545 0.499481
0.602 0.5 -0.0069907 -0.0740597 -0.0398907 0.499475
0.603 0.5 -0.00706117 -0.0747898 -0.039827 0.499469
0.604 0.5 -0.0071316 -0.0755201 -0.0397632 0.499464
0.605 0.5 -0.00720198 -0.0762505 -0.0396995 0.499458
0.606 0.5 -0.00727232 -0.0769811 -0.0396357 0.499452
0.607 0.5 -0.00734262 -0.0777118 -0.039572 0.499447
0.608 0.5 -0.00741286 -0.0784426 -0.0395082 0.499442
0.609 0.5 -0.00748307 -0.0791736 -0.0394445 0.499437
0.61 0.5 -0.00755322 -0.0799047 -0.0393807 0.499432
0.611 0.5 -0.00762334 -0.0806359 -0.039317 0.499428
0.612 0.5 -0.00769341 -0.0813673 -0.0392532 0.499423
0.613 0.5 -0.00776343 -0.0820988 -0.0391895 0.499419
0.614 0.5 -0.00783341 -0.0828304 -0.0391257 0.499414
0.615 0.5 -0.00790334 -0.0835622 -0.039062 0.49941
0.616 0.5 -0.00797323 -0.0842942 -0.0389982 0.499407
0.617 0.5 -0.00804307 -0.0850262 -0.0389345 0.499403
0.618 0.5 -0.00811287 -0.0857584 -0.0388707 0.499399
0.619 0.5 -0.00818262 -0.0864908 -0.038807 0.499396
0.62 0.5 -0.00825233 -0.0872233 -0.0387432 0.499393
0.621 0.5 -0.00832199 -0.0879559 -0.0386794 0.499389
0.622 0.5 -0.00839161 -0.0886886 -0.0386157 0.499386
0.623 0.5 -0.00846119 -0.0894215 -0.0385519 0.499384
0.624 0.5 -0.00853071 -0.0901546 -0.0384882 0.499381
0.625 0.5 -0.0086002 -0.0908877 -0.0384244 0.499379
0.626 0.5 -0.00866964 -0.0916211 -0.0383607 0.499376
0.627 0.5 -0.00873903 -0.0923545 -0.0382969 0.499374
0.628 0.5 -0.00880838 -0.0930881 -0.0382332 0.499372
0.629 0.5 -0.00887768 -0.0938218 -0.0381694 0.49937
0.63 0.5 -0.00894694 -0.0945557 -0.0381057 0.499368
0.631 0.5 -0.00901615 -0.0952897 -0.0380419 0.499367
0.632 0.5 -0.00908532 -0.0960238 -0.0379782 0.499366
0.633 0.5 -0.00915444 -0.0967581 -0.0379144 0.499364
0.634 0.5 -0.00922469 -0.0974927 -0.0378395 0.499363
0.635 0.5 -0.00929542 -0.0982276 -0.037759 0.499362
0.636 0.5 -0.00936604 -0.0989627 -0.0376784 0.499361
0.637 0.5 -0.00943655 -0.0996982 -0.0375979 0.499361
0.638 0.5 -0.00950694 -0.100434 -0.0375174 0.499361
0.639 0.5 -0.00957723 -0.10117 -0.0374368 0.499362
0.64 0.5 -0.00964742 -0.101906 -0.0373563 0.499363
0.641 0.5 -0.00971749 -0.102643 -0.0372758 0.499365
0.642 0.5 -0.00978745 -0.103379 -0.0371952 0.499367
0.643 0.5 -0.0098573 -0.104116 -0.0371147 0.49937
0.644 0.5 -0.00992704 -0.104854 -0.0370342 0.499373
0.645 0.5 -0.00999667 -0.105591 -0.0369537 0.499377
0.646 0.5 -0.0100662 -0.106329 -0.0368731 0.499381
0.647 0.5 -0.0101356 -0.107067 -0.0367926 0.499385
0.648 0.5 -0.0102049 -0.107805 -0.0367121 0.49939
0.649 0.5 -0.0102741 -0.108544 -0.0366315 0.499395
0.65 0.5 -0.0103432 -0.109283 -0.036551 0.499401
0.651 0.5 -0.0104122 -0.110022 -0.0364705 0.499408
0.652 0.5 -0.010481 -0.110762 -0.0363899 0.499414
0.653 0.5 -0.0105498 -0.111501 -0.0363094 0.499422
0.654 0.5 -0.0106184 -0.112241 -0.0362289 0.499429
0.655 0.5 -0.010687 -0.112981 -0.0361483 0.499438
0.656 0.5 -0.0107554 -0.113722 -0.0360678 0.499446
0.657 0.5 -0.0108237 -0.114463 -0.0359873 0.499455
0.658 0.5 -0.0108919 -0.115204 -0.0359067 0.499465
0.659 0.5 -0.01096 -0.115945 -0.0358262 0.499475
0.66 0.5 -0.011028 -0.116686 -0.0357457 0.499485
0.661 0.5 -0.0110959 -0.117428 -0.0356651 0.499496
0.662 0.5 -0.0111636 -0.11817 -0.0355846 0.499508
0.663 0.5 -0.0112313 -0.118913 -0.0355041 0.499519
0.664 0.5 -0.0112989 -0.119655 -0.0354235 0.499532
0.665 0.5 -0.0113663 -0.120398 -0.035343 0.499545
0.666 0.5 -0.0114336 -0.121141 -0.0352625 0.499558
0.667 0.5 -0.0115014 -0.121885 -0.0351767 0.499571
0.668 0.5 -0.0115701 -0.122629 -0.0350806 0.499586
0.669 0.5 -0.0116386 -0.123374 -0.0349844 0.499601
0.67 0.5 -0.0117069 -0.124119 -0.0348882 0.499617
0.671 0.5 -0.0117751 -0.124865 -0.0347921 0.499634
0.672 0.5 -0.0118431 -0.125611 -0.0346959 0.499651
0.673 0.5 -0.0119109 -0.126358 -0.0345997 0.49967
0.674 0.5 -0.0119785 -0.127105 -0.0345036 0.49969
0.675 0.5 -0.0120459 -0.127853 -0.0344074 0.49971
0.676 0.5 -0.0121132 -0.128602 -0.0343112 0.499732
0.677 0.5 -0.0121803 -0.129351 -0.0342151 0.499754
0.678 0.5 -0.0122471 -0.130101 -0.0341189 0.499777
0.679 0.5 -0.0123139 -0.130851 -0.0340227 0.499801
0.68 0.5 -0.0123804 -0.131602 -0.0339266 0.499826
0.681 0.5 -0.0124467 -0.132354 -0.0338304 0.499852
0.682 0.5 -0.0125129 -0.133106 -0.0337342 0.499878
0.683 0.5 -0.0125789 -0.133858 -0.0336381 0.499906
0.684 0.5 -0.0126447 -0.134611 -0.0335419 0.499934
0.685 0.5 -0.0127103 -0.135365 -0.0334457 0.499964
0.686 0.5 -0.0127758 -0.136119 -0.0333496 0.499994
0.687 0.5 -0.0128411 -0.136874 -0.0332534 0.500025
0.688 0.5 -0.0129061 -0.13763 -0.0331572 0.500057
0.689 0.5 -0.012971 -0.138386 -0.0330611 0.50009
0.69 0.5 -0.0130358 -0.139142 -0.0329649 0.500124
0.691 0.5 -0.0131003 -0.139899 -0.0328687 0.500159
0.692 0.5 -0.0131647 -0.140657 -0.0327726 0.500194
0.693 0.5 -0.0132289 -0.141415 -0.0326764 0.500231
0.694 0.5 -0.0132929 -0.142174 -0.0325802 0.500268
0.695 0.5 -0.0133567 -0.142934 -0.0324841 0.500306
0.696 0.5 -0.0134203 -0.143694 -0.0323879 0.500346
0.697 0.5 -0.0134838 -0.144454 -0.0322917 0.500386
0.698 0.5 -0.0135471 -0.145215 -0.0321956 0.500427
0.699 0.5 -0.0136102 -0.145977 -0.0320994 0.500468
0.7 0.5 -0.0136731 -0.146739 -0.0320032 0.500511
0.701 0.5 -0.0137362 -0.147503 -0.0318927 0.500555
0.702 0.5 -0.0137991 -0.148267 -0.0317822 0.500601
0.703 0.5 -0.0138617 -0.149033 -0.0316717 0.500648
0.704 0.5 -0.0139241 -0.1498 -0.0315611 0.500696
0.705 0.5 -0.0139863 -0.150568 -0.0314506 0.500745
0.706 0.5 -0.0140483 -0.151337 -0.0313401 0.500796
0.707 0.5 -0.01411 -0.152107 -0.0312295 0.500848
0.708 0.5 -0.0141715 -0.152879 -0.031119 0.5009
0.709 0.5 -0.0142328 -0.153652 -0.0310085 0.500955
0.71 0.5 -0.0142939 -0.154425 -0.030898 0.50101
0.711 0.5 -0.0143547 -0.1552 -0.0307874 0.501067
0.712 0.5 -0.0144153 -0.155976 -0.0306769 0.501125
0.713 0.5 -0.0144757 -0.156754 -0.0305664 0.501184
0.714 0.5 -0.0145359 -0.157532 -0.0304558 0.501244
0.715 0.5 -0.0145958 -0.158312 -0.0303453 0.501306
0.716 0.5 -0.0146555 -0.159092 -0.0302348 0.501369
0.717 0.5 -0.014715 -0.159874 -0.0301242 0.501433
0.718 0.5 -0.0147743 -0.160657 -0.0300137 0.501498
0.719 0.5 -0.0148333 -0.161441 -0.0299032 0.501565
0.72 0.5 -0.0148921 -0.162227 -0.0297927 0.501632
0.721 0.5 -0.0149507 -0.163013 -0.0296821 0.501701
0.722 0.5 -0.015009 -0.163801 -0.0295716 0.501772
0.723 0.5 -0.0150672 -0.164589 -0.0294611 0.501843
0.724 0.5 -0.0151251 -0.165379 -0.0293505 0.501916
0.725 0.5 -0.0151827 -0.16617 -0.02924 0.50199
0.726 0.5 -0.0152402 -0.166962 -0.0291295 0.502065
0.727 0.5 -0.0152974 -0.167756 -0.029019 0.502141
0.728 0.5 -0.0153544 -0.16855 -0.0289084 0.502219
0.729 0.5 -0.0154112 -0.169346 -0.0287979 0.502298
0.73 0.5 -0.0154677 -0.170143 -0.0286874 0.502378
0.731 0.5 -0.0155241 -0.170941 -0.0285768 0.502459
0.732 0.5 -0.0155802 -0.17174 -0.0284663 0.502542
0.733 0.5 -0.015636 -0.17254 -0.0283558 0.502626
0.734 0.5 -0.0156901 -0.173342 -0.0282364 0.502712
0.735 0.5 -0.0157431 -0.174147 -0.0281127 0.502801
0.736 0.5 -0.015796 -0.174954 -0.0279889 0.50289
0.737 0.5 -0.0158486 -0.175763 -0.0278651 0.50298
0.738 0.5 -0.0159011 -0.176573 -0.0277414 0.503071
0.739 0.5 -0.0159534 -0.177386 -0.0276176 0.503164
0.74 0.5 -0.0160055 -0.178201 -0.0274938 0.503257
0.741 0.5 -0.0160574 -0.179019 -0.0273701 0.503351
0.742 0.5 -0.016109 -0.179838 -0.0272463 0.503446
0.743 0.5 -0.0161605 -0.180659 -0.0271225 0.503542
0.744 0.5 -0.0162118 -0.181482 -0.0269988 0.503639
0.745 0.5 -0.0162629 -0.182308 -0.026875 0.503737
0.746 0.5 -0.0163139 -0.183135 -0.0267513 0.503836
0.747 0.5 -0.0163646 -0.183965 -0.0266275 0.503935
0.748 0.5 -0.0164151 -0.184796 -0.0265037 0.504036
0.749 0.5 -0.0164654 -0.18563 -0.02638 0.504138
0.75 0.5 -0.0165155 -0.186466 -0.0262562 0.50424
0.751 0.5 -0.0165655 -0.187303 -0.0261324 0.504344
0.752 0.5 -0.0166152 -0.188143 -0.0260087 0.504449
0.753 0.5 -0.0166648 -0.188985 -0.0258849 0.504554
0.754 0.5 -0.0167141 -0.189829 -0.0257611 0.50466
0.755 0.5 -0.0167633 -0.190675 -0.0256374 0.504768
0.756 0.5 -0.0168122 -0.191523 -0.0255136 0.504876
0.757 0.5 -0.016861 -0.192374 -0.0253898 0.504985
0.758 0.5 -0.0169096 -0.193226 -0.0252661 0.505096
0.759 0.5 -0.0169579 -0.19408 -0.0251423 0.505207
0.76 0.5 -0.0170061 -0.194937 -0.0250185 0.505319
0.761 0.5 -0.0170541 -0.195795 -0.0248948 0.505432
0.762 0.5 -0.0171019 -0.196656 -0.024771 0.505546
0.763 0.5 -0.0171495 -0.197518 -0.0246473 0.505661
0.764 0.5 -0.0171969 -0.198383 -0.0245235 0.505777
0.765 0.5 -0.0172441 -0.19925 -0.0243997 0.505894
0.766 0.5 -0.0172911 -0.200119 -0.024276 0.506012
0.767 0.5 -0.0173358 -0.20099 -0.024148 0.506132
0.768 0.5 -0.0173763 -0.201867 -0.0240117 0.506256
0.769 0.5 -0.0174167 -0.202746 -0.0238754 0.506379
0.77 0.5 -0.0174572 -0.203629 -0.0237391 0.506501
0.771 0.5 -0.0174976 -0.204516 -0.0236028 0.506622
0.772 0.5 -0.0175381 -0.205405 -0.0234665 0.506742
0.773 0.5 -0.0175785 -0.206298 -0.0233302 0.506861
0.774 0.5 -0.017619 -0.207195 -0.0231939 0.506979
0.775 0.5 -0.0176594 -0.208094 -0.0230575 0.507096
0.776 0.5 -0.0176999 -0.208997 -0.0229212 0.507212
0.777 0.5 -0.0177404 -0.209904 -0.0227849 0.507327
0.778 0.5 -0.0177808 -0.210813 -0.0226486 0.507441
0.779 0.5 -0.0178213 -0.211726 -0.0225123 0.507554
0.78 0.5 -0.0178618 -0.212642 -0.022376 0.507666
0.781 0.5 -0.0179023 -0.213562 -0.0222397 0.507777
0.782 0.5 -0.0179428 -0.214485 -0.0221034 0.507888
0.783 0.5 -0.0179833 -0.215411 -0.0219671 0.507997
0.784 0.5 -0.0180238 -0.21634 -0.0218308 0.508105
0.785 0.5 -0.0180643 -0.217273 -0.0216945 0.508213
0.786 0.5 -0.0181048 -0.218209 -0.0215582 0.508319
0.787 0.5 -0.0181453 -0.219149 -0.0214218 0.508424
0.788 0.5 -0.0181858 -0.220091 -0.0212855 0.508529
0.789 0.5 -0.0182263 -0.221037 -0.0211492 0.508632
0.79 0.5 -0.0182668 -0.221987 -0.0210129 0.508735
0.791 0.5 -0.0183074 -0.222939 -0.0208766 0.508836
0.792 0.5 -0.0183479 -0.223895 -0.0207403 0.508937
0.793 0.5 -0.0183884 -0.224855 -0.020604 0.509036
0.794 0.5 -0.018429 -0.225817 -0.0204677 0.509135
0.795 0.5 -0.0184695 -0.226783 -0.0203314 0.509233
0.796 0.5 -0.0185101 -0.227753 -0.0201951 0.509329
0.797 0.5 -0.0185506 -0.228725 -0.0200588 0.509425
0.798 0.5 -0.0185912 -0.229701 -0.0199225 0.50952
0.799 0.5 -0.0186317 -0.230681 -0.0197861 0.509613
0.8 0.5 -0.0186723 -0.231663 -0.0196498 0.509706
0.801 0.5 -0.0187027 -0.232654 -0.0195011 0.509806
0.802 0.5 -0.0187337 -0.233649 -0.0193523 0.509899
0.803 0.5 -0.0187652 -0.23465 -0.0192035 0.509987
0.804 0.5 -0.0187974 -0.235656 -0.0190547 0.510068
0.805 0.5 -0.0188301 -0.236667 -0.0189059 0.510143
0.806 0.5 -0.0188633 -0.237682 -0.0187571 0.510212
0.807 0.5 -0.0188972 -0.238703 -0.0186083 0.510275
0.808 0.5 -0.0189316 -0.239729 -0.0184595 0.510331
0.809 0.5 -0.0189666 -0.240759 -0.0183107 0.510382
0.81 0.5 -0.0190021 -0.241795 -0.0181619 0.510426
0.811 0.5 -0.0190382 -0.242836 -0.0180132 0.510465
0.812 0.5 -0.0190749 -0.243881 -0.0178644 0.510497
0.813 0.5 -0.0191122 -0.244932 -0.0177156 0.510523
0.814 0.5 -0.01915 -0.245988 -0.0175668 0.510542
0.815 0.5 -0.0191884 -0.247048 -0.017418 0.510556
0.816 0.5 -0.0192274 -0.248114 -0.0172692 0.510564
0.817 0.5 -0.0192669 -0.249185 -0.0171204 0.510565
0.818 0.5 -0.019307 -0.25026 -0.0169716 0.51056
0.819 0.5 -0.0193477 -0.251341 -0.0168228 0.51055
0.82 0.5 -0.0193889 -0.252427 -0.0166741 0.510533
0.821 0.5 -0.0194307 -0.253517 -0.0165253 0.510509
0.822 0.5 -0.0194731 -0.254613 -0.0163765 0.51048
0.823 0.5 -0.0195161 -0.255714 -0.0162277 0.510445
0.824 0.5 -0.0195596 -0.256819 -0.0160789 0.510403
0.825 0.5 -0.0196037 -0.25793 -0.0159301 0.510355
0.826 0.5 -0.0196483 -0.259046 -0.0157813 0.510302
0.827 0.5 -0.0196935 -0.260167 -0.0156325 0.510242
0.828 0.5 -0.0197393 -0.261292 -0.0154837 0.510176
0.829 0.5 -0.0197857 -0.262423 -0.0153349 0.510103
0.83 0.5 -0.0198326 -0.263559 -0.0151862 0.510025
0.831 0.5 -0.0198801 -0.264699 -0.0150374 0.50994
0.832 0.5 -0.0199282 -0.265845 -0.0148886 0.50985
0.833 0.5 -0.0199769 -0.266996 -0.0147398 0.509753
0.834 0.5 -0.0200187 -0.268157 -0.014582 0.509657
0.835 0.5 -0.0200581 -0.269328 -0.0144198 0.509549
0.836 0.5 -0.020099 -0.270507 -0.0142575 0.509425
0.837 0.5 -0.0201414 -0.271693 -0.0140953 0.509284
0.838 0.5 -0.0201853 -0.272886 -0.0139331 0.509127
0.839 0.5 -0.0202307 -0.274086 -0.0137708 0.508954
0.84 0.5 -0.0202776 -0.275294 -0.0136086 0.508764
0.841 0.5 -0.0203259 -0.276509 -0.0134463 0.508557
0.842 0.5 -0.0203758 -0.277732 -0.0132841 0.508335
0.843 0.5 -0.0204271 -0.278962 -0.0131218 0.508096
0.844 0.5 -0.02048 -0.280199 -0.0129596 0.50784
0.845 0.5 -0.0205343 -0.281443 -0.0127973 0.507568
0.846 0.5 -0.0205901 -0.282695 -0.0126351 0.50728
0.847 0.5 -0.0206474 -0.283954 -0.0124729 0.506975
0.848 0.5 -0.0207062 -0.28522 -0.0123106 0.506654
0.849 0.5 -0.0207665 -0.286494 -0.0121484 0.506317
0.85 0.5 -0.0208283 -0.287775 -0.0119861 0.505963
0.851 0.5 -0.0208915 -0.289063 -0.0118239 0.505592
0.852 0.5 -0.0209563 -0.290359 -0.0116616 0.505206
0.853 0.5 -0.0210225 -0.291662 -0.0114994 0.504803
0.854 0.5 -0.0210903 -0.292972 -0.0113371 0.504383
0.855 0.5 -0.0211595 -0.29429 -0.0111749 0.503947
0.856 0.5 -0.0212302 -0.295615 -0.0110127 0.503495
0.857 0.5 -0.0213024 -0.296947 -0.0108504 0.503026
0.858 0.5 -0.0213761 -0.298286 -0.0106882 0.502541
0.859 0.5 -0.0214513 -0.299633 -0.0105259 0.502039
0.86 0.5 -0.021528 -0.300987 -0.0103637 0.501521
0.861 0.5 -0.0216061 -0.302349 -0.0102014 0.500987
0.862 0.5 -0.0216858 -0.303718 -0.0100392 0.500436
0.863 0.5 -0.0217669 -0.305094 -0.00987695 0.499869
0.864 0.5 -0.0218496 -0.306477 -0.00971471 0.499285
0.865 0.5 -0.0219337 -0.307868 -0.00955246 0.498685
0.866 0.5 -0.0220193 -0.309266 -0.00939022 0.498068
0.867 0.5 -0.0221084 -0.310686 -0.00922301 0.49743
0.868 0.5 -0.0222033 -0.312141 -0.00904586 0.496757
0.869 0.5 -0.0222996 -0.313603 -0.00886871 0.496055
0.87 0.5 -0.0223976 -0.315071 -0.00869156 0.495324
0.871 0.5 -0.0224971 -0.316545 -0.00851441 0.494565
0.872 0.5 -0.0225982 -0.318025 -0.00833726 0.493776
0.873 0.5 -0.0227008 -0.319512 -0.00816012 0.492959
0.874 0.5 -0.022805 -0.321005 -0.00798297 0.492112
0.875 0.5 -0.0229108 -0.322505 -0.00780582 0.491237
0.876 0.5 -0.0230181 -0.32401 -0.00762867 0.490333
0.877 0.5 -0.023127 -0.325522 -0.00745152 0.4894
0.878 0.5 -0.0232375 -0.32704 -0.00727437 0.488438
0.879 0.5 -0.0233495 -0.328565 -0.00709723 0.487447
0.88 0.5 -0.0234631 -0.330096 -0.00692008 0.486428
0.881 0.5 -0.0235783 -0.331633 -0.00674293 0.485379
0.882 0.5 -0.023695 -0.333176 -0.00656578 0.484302
0.883 0.5 -0.0238133 -0.334726 -0.00638863 0.483196
0.884 0.5 -0.0239332 -0.336282 -0.00621148 0.482061
0.885 0.5 -0.0240546 -0.337844 -0.00603433 0.480897
0.886 0.5 -0.0241776 -0.339412 -0.00585719 0.479704
0.887 0.5 -0.0243022 -0.340987 -0.00568004 0.478482
0.888 0.5 -0.0244283 -0.342568 -0.00550289 0.477231
0.889 0.5 -0.024556 -0.344156 -0.00532574 0.475952
0.89 0.5 -0.0246853 -0.345749 -0.00514859 0.474644
0.891 0.5 -0.0248161 -0.347349 -0.00497144 0.473306
0.892 0.5 -0.0249485 -0.348955 -0.0047943 0.47194
0.893 0.5 -0.0250825 -0.350568 -0.00461715 0.470545
0.894 0.5 -0.025218 -0.352186 -0.00444 0.469122
0.895 0.5 -0.0253551 -0.353812 -0.00426285 0.467669
0.896 0.5 -0.0254937 -0.355443 -0.0040857 0.466187
0.897 0.5 -0.0256339 -0.35708 -0.00390855 0.464677
0.898 0.5 -0.0257757 -0.358724 -0.00373141 0.463138
0.899 0.5 -0.0259191 -0.360375 -0.00355426 0.461569
0.9 0.5 -0.026064 -0.362031 -0.00337711 0.459972
0.901 0.5 -0.0262991 -0.363878 -0.00318866 0.458241
0.902 0.5 -0.0265237 -0.36569 -0.00300022 0.456492
0.903 0.5 -0.0267378 -0.367466 -0.00281177 0.454726
0.904 0.5 -0.0269415 -0.369207 -0.00262332 0.452942
0.905 0.5 -0.0271347 -0.370912 -0.00243487 0.45114
0.906 0.5 -0.0273175 -0.372582 -0.00224643 0.449321
0.907 0.5 -0.0274897 -0.374217 -0.00205798 0.447484
0.908 0.5 -0.0276516 -0.375816 -0.00186953 0.445629
0.909 0.5 -0.0278029 -0.37738 -0.00168109 0.443757
0.91 0.5 -0.0279438 -0.378909 -0.00149264 0.441868
0.911 0.5 -0.0280742 -0.380402 -0.00130419 0.439961
0.912 0.5 -0.0281942 -0.38186 -0.00111574 0.438036
0.913 0.5 -0.0283037 -0.383282 -0.000927297 0.436093
0.914 0.5 -0.0284027 -0.384669 -0.00073885 0.434133
0.915 0.5 -0.0284913 -0.386021 -0.000550403 0.432156
0.916 0.5 -0.0285694 -0.387337 -0.000361956 0.430161
0.917 0.5 -0.028637 -0.388618 -0.000173509 0.428148
0.918 0.5 -0.0286942 -0.389864 1.49386e-05 0.426118
0.919 0.5 -0.0287409 -0.391074 0.000203386 0.42407
0.92 0.5 -0.0287771 -0.392249 0.000391833 0.422004
0.921 0.5 -0.0288029 -0.393388 0.00058028 0.419921
0.922 0.5 -0.0288182 -0.394492 0.000768727 0.41782
0.923 0.5 -0.028823 -0.395561 0.000957174 0.415702
0.924 0.5 -0.0288174 -0.396594 0.00114562 0.413566
0.925 0.5 -0.0288013 -0.397592 0.00133407 0.411413
0.926 0.5 -0.0287748 -0.398554 0.00152252 0.409242
0.927 0.5 -0.0287377 -0.399481 0.00171096 0.407053
0.928 0.5 -0.0286903 -0.400373 0.00189941 0.404847
0.929 0.5 -0.0286323 -0.401229 0.00208786 0.402623
0.93 0.5 -0.0285639 -0.40205 0.0022763 0.400382
0.931 0.5 -0.028485 -0.402836 0.00246475 0.398123
0.932 0.5 -0.0283957 -0.403586 0.0026532 0.395846
0.933 0.5 -0.0282959 -0.404301 0.00284165 0.393552
0.934 0.5 -0.0282961 -0.405012 0.00299316 0.391236
0.935 0.5 -0.0283309 -0.405578 0.0031262 0.388944
0.936 0.5 -0.0283429 -0.405957 0.00325925 0.386687
0.937 0.5 -0.028332 -0.40615 0.0033923 0.384466
0.938 0.5 -0.0282983 -0.406156 0.00352534 0.38228
0.939 0.5 -0.0282418 -0.405976 0.00365839 0.380129
0.94 0.5 -0.0281625 -0.405609 0.00379143 0.378014
0.941 0.5 -0.0280603 -0.405056 0.00392448 0.375933
0.942 0.5 -0.0279353 -0.404317 0.00405753 0.373888
0.943 0.5 -0.0277875 -0.403391 0.00419057 0.371878
0.944 0.5 -0.0276169 -0.402278 0.00432362 0.369903
0.945 0.5 -0.0274234 -0.400979 0.00445667 0.367964
0.946 0.5 -0.0272071 -0.399493 0.00458971 0.36606
0.947 0.5 -0.026968 -0.397821 0.00472276 0.364191
0.948 0.5 -0.0267061 -0.395963 0.0048558 0.362357
0.949 0.5 -0.0264213 -0.393918 0.00498885 0.360558
0.95 0.5 -0.0261137 -0.391686 0.0051219 0.358795
0.951 0.5 -0.0257833 -0.389268 0.00525494 0.357067
0.952 0.5 -0.0254301 -0.386664 0.00538799 0.355374
0.953 0.5 -0.025054 -0.383873 0.00552103 0.353716
0.954 0.5 -0.0246551 -0.380895 0.00565408 0.352094
0.955 0.5 -0.0242334 -0.377731 0.00578713 0.350507
0.956 0.5 -0.0237889 -0.374381 0.00592017 0.348955
0.957 0.5 -0.0233215 -0.370844 0.00605322 0.347438
0.958 0.5 -0.0228313 -0.36712 0.00618626 0.345957
0.959 0.5 -0.0223183 -0.36321 0.00631931 0.34451
0.96 0.5 -0.0217825 -0.359114 0.00645236 0.343099
0.961 0.5 -0.0212238 -0.354831 0.0065854 0.341724
0.962 0.5 -0.0206423 -0.350362 0.00671845 0.340383
0.963 0.5 -0.020038 -0.345706 0.00685149 0.339078
0.964 0.5 -0.0194109 -0.340864 0.00698454 0.337808
0.965 0.5 -0.0187609 -0.335835 0.00711759 0.336573
0.966 0.5 -0.0180882 -0.330619 0.00725063 0.335373
0.967 0.5 -0.0173403 -0.324941 0.00733843 0.334287
0.968 0.5 -0.0164939 -0.318507 0.00733575 0.333392
0.969 0.5 -0.0156675 -0.311858 0.00733306 0.332529
0.97 0.5 -0.0148611 -0.304997 0.00733037 0.331699
0.971 0.5 -0.0140748 -0.297922 0.00732768 0.330901
0.972 0.5 -0.0133086 -0.290635 0.00732499 0.330136
0.973 0.5 -0.0125625 -0.283134 0.0073223 0.329404
0.974 0.5 -0.0118364 -0.275419 0.00731961 0.328703
0.975 0.5 -0.0111303 -0.267492 0.00731693 0.328036
0.976 0.5 -0.0104444 -0.259351 0.00731424 0.3274
0.977 0.5 -0.00977846 -0.250997 0.00731155 0.326798
0.978 0.5 -0.00913262 -0.24243 0.00730886 0.326228
0.979 0.5 -0.00850684 -0.233649 0.00730617 0.32569
0.98 0.5 -0.00790112 -0.224655 0.00730348 0.325185
0.981 0.5 -0.00731547 -0.215448 0.0073008 0.324712
0.982 0.5 -0.00674988 -0.206028 0.00729811 0.324272
0.983 0.5 -0.00620435 -0.196395 0.00729542 0.323864
0.984 0.5 -0.00567889 -0.186548 0.00729273 0.323489
0.985 0.5 -0.00517349 -0.176488 0.00729004 0.323146
0.986 0.5 -0.00468815 -0.166215 0.00728735 0.322836
0.987 0.5 -0.00422287 -0.155728 0.00728466 0.322558
0.988 0.5 -0.00377766 -0.145029 0.00728198 0.322313
0.989 0.5 -0.00335251 -0.134116 0.00727929 0.3221
0.99 0.5 -0.00294742 -0.12299 0.0072766 0.32192
0.991 0.5 -0.00256239 -0.11165 0.00727391 0.321772
0.992 0.5 -0.00219743 -0.100098 0.00727122 0.321657
0.993 0.5 -0.00185253 -0.0883317 0.00726853 0.321574
0.994 0.5 -0.0015277 -0.0763526 0.00726585 0.321524
0.995 0.5 -0.00122292 -0.0641603 0.00726316 0.321506
0.996 0.5 -0.000938214 -0.0517547 0.00726047 0.321521
0.997 0.5 -0.000673566 -0.0391359 0.00725778 0.321568
0.998 0.5 -0.000428981 -0.0263038 0.00725509 0.321648
0.999 0.5 -0.000204459 -0.0132585 0.0072524 0.32176
1 0.5 7.70637e-35 -1.20341e-34 0.00724972 0.321905
