0.5 0 -1.81979e-34 2.96163e-33 -0.265905 1
0.5 0.001 -0.00613 2.43102e-05 -0.264975 0.995094
0.5 0.002 -0.0121983 5.41947e-05 -0.264045 0.990191
0.5 0.003 -0.018205 8.96536e-05 -0.263114 0.985291
0.5 0.004 -0.02415 0.000130687 -0.262184 0.980393
0.5 0.005 -0.0300334 0.000177294 -0.261254 0.975498
0.5 0.006 -0.0358551 0.000229476 -0.260324 0.970605
0.5 0.007 -0.0416152 0.000287233 -0.259393 0.965716
0.5 0.008 -0.0473136 0.000350563 -0.258463 0.960829
0.5 0.009 -0.0529503 0.000419468 -0.257533 0.955944
0.5 0.01 -0.0585254 0.000493948 -0.256602 0.951062
0.5 0.011 -0.0640389 0.000574001 -0.255672 0.946183
0.5 0.012 -0.0694906 0.00065963 -0.254742 0.941307
0.5 0.013 -0.0748808 0.000750832 -0.253811 0.936433
0.5 0.014 -0.0802092 0.000847609 -0.252881 0.931563
0.5 0.015 -0.085476 0.00094996 -0.251951 0.926694
0.5 0.016 -0.0906812 0.00105789 -0.251021 0.921829
0.5 0.017 -0.0958247 0.00117139 -0.25009 0.916966
0.5 0.018 -0.100907 0.00129046 -0.24916 0.912105
0.5 0.019 -0.105927 0.00141511 -0.24823 0.907248
0.5 0.02 -0.110885 0.00154533 -0.247299 0.902393
0.5 0.021 -0.115782 0.00168113 -0.246369 0.897541
0.5 0.022 -0.120617 0.0018225 -0.245439 0.892691
0.5 0.023 -0.125391 0.00196945 -0.244508 0.887844
0.5 0.024 -0.130103 0.00212197 -0.243578 0.883
0.5 0.025 -0.134753 0.00228006 -0.242648 0.878159
0.5 0.026 -0.139342 0.00244373 -0.241717 0.87332
0.5 0.027 -0.143869 0.00261297 -0.240787 0.868484
0.5 0.028 -0.148334 0.00278779 -0.239857 0.86365
0.5 0.029 -0.152737 0.00296818 -0.238927 0.858819
0.5 0.03 -0.157079 0.00315415 -0.237996 0.853991
0.5 0.031 -0.16136 0.00334569 -0.237066 0.849166
0.5 0.032 -0.165578 0.00354281 -0.236136 0.844343
0.5 0.033 -0.169735 0.0037455 -0.235205 0.839523
0.5 0.034 -0.173809 0.00392588 -0.234414 0.834687
0.5 0.035 -0.177816 0.00409194 -0.233693 0.829857
0.5 0.036 -0.181769 0.00425642 -0.232971 0.825046
0.5 0.037 -0.185667 0.00441931 -0.232249 0.820253
0.5 0.038 -0.18951 0.00458063 -0.231528 0.815478
0.5 0.039 -0.193298 0.00474036 -0.230806 0.810721
0.5 0.04 -0.197032 0.0048985 -0.230085 0.805983
0.5 0.041 -0.200711 0.00505507 -0.229363 0.801262
0.5 0.042 -0.204335 0.00521005 -0.228642 0.79656
0.5 0.043 -0.207905 0.00536345 -0.22792 0.791876
0.5 0.044 -0.21142 0.00551527 -0.227198 0.787211
0.5 0.045 -0.21488 0.00566551 -0.226477 0.782563
0.5 0.046 -0.218286 0.00581416 -0.225755 0.777934
0.5 0.047 -0.221636 0.00596123 -0.225034 0.773323
0.5 0.048 -0.224933 0.00610672 -0.224312 0.76873
0.5 0.049 -0.228174 0.00625062 -0.22359 0.764155
0.5 0.05 -0.231361 0.00639295 -0.222869 0.759599
0.5 0.051 -0.234493 0.00653369 -0.222147 0.75506
0.5 0.052 -0.23757 0.00667285 -0.221426 0.75054
0.5 0.053 -0.240593 0.00681042 -0.220704 0.746038
0.5 0.054 -0.243561 0.00694641 -0.219982 0.741555
0.5 0.055 -0.246474 0.00708083 -0.219261 0.737089
0.5 0.056 -0.249333 0.00721365 -0.218539 0.732642
0.5 0.057 -0.252137 0.0073449 -0.217818 0.728213
0.5 0.058 -0.254886 0.00747457 -0.217096 0.723802
0.5 0.059 -0.25758 0.00760265 -0.216375 0.719409
0.5 0.06 -0.26022 0.00772915 -0.215653 0.715035
0.5 0.061 -0.262805 0.00785406 -0.214931 0.710679
0.5 0.062 -0.265336 0.0079774 -0.21421 0.706341
0.5 0.063 -0.267812 0.00809915 -0.213488 0.702021
0.5 0.064 -0.270233 0.00821932 -0.212767 0.697719
0.5 0.065 -0.272599 0.00833791 -0.212045 0.693436
0.5 0.066 -0.274911 0.00845491 -0.211323 0.68917
0.5 0.067 -0.277161 0.00857138 -0.21067 0.684929
0.5 0.068 -0.279353 0.00868692 -0.210154 0.68073
0.5 0.069 -0.281505 0.00879869 -0.209637 0.676567
0.5 0.07 -0.283618 0.00890671 -0.20912 0.672441
0.5 0.071 -0.28569 0.00901096 -0.208604 0.66835
0.5 0.072 -0.287723 0.00911145 -0.208087 0.664296
0.5 0.073 -0.289717 0.00920817 -0.207571 0.660278
0.5 0.074 -0.29167 0.00930114 -0.207054 0.656296
0.5 0.075 -0.293584 0.00939034 -0.206537 0.65235
0.5 0.076 -0.295458 0.00947578 -0.206021 0.648441
0.5 0.077 -0.297293 0.00955746 -0.205504 0.644568
0.5 0.078 -0.299087 0.00963538 -0.204987 0.640731
0.5 0.079 -0.300842 0.00970953 -0.204471 0.63693
0.5 0.08 -0.302557 0.00977993 -0.203954 0.633166
0.5 0.081 -0.304233 0.00984656 -0.203438 0.629437
0.5 0.082 -0.305869 0.00990942 -0.202921 0.625745
0.5 0.083 -0.307465 0.00996853 -0.202404 0.622089
0.5 0.084 -0.309021 0.0100239 -0.201888 0.61847
0.5 0.085 -0.310538 0.0100755 -0.201371 0.614886
0.5 0.086 -0.312015 0.0101233 -0.200855 0.611339
0.5 0.087 -0.313452 0.0101673 -0.200338 0.607828
0.5 0.088 -0.314849 0.0102076 -0.199821 0.604353
0.5 0.089 -0.316207 0.0102442 -0.199305 0.600914
0.5 0.09 -0.317525 0.0102769 -0.198788 0.597512
0.5 0.091 -0.318803 0.0103059 -0.198272 0.594146
0.5 0.092 -0.320041 0.0103312 -0.197755 0.590816
0.5 0.093 -0.32124 0.0103527 -0.197238 0.587522
0.5 0.094 -0.322399 0.0103704 -0.196722 0.584265
0.5 0.095 -0.323519 0.0103844 -0.196205 0.581043
0.5 0.096 -0.324598 0.0103946 -0.195688 0.577858
0.5 0.097 -0.325638 0.010401 -0.195172 0.574709
0.5 0.098 -0.326638 0.0104037 -0.194655 0.571596
0.5 0.099 -0.327599 0.0104026 -0.194139 0.56852
0.5 0.1 -0.328519 0.0103977 -0.193622 0.56548
0.5 0.101 -0.329415 0.0104412 -0.193264 0.562524
0.5 0.102 -0.330285 0.0104819 -0.192906 0.55961
0.5 0.103 -0.331129 0.0105198 -0.192547 0.556736
0.5 0.104 -0.331947 0.010555 -0.192189 0.553904
0.5 0.105 -0.332738 0.0105873 -0.191831 0.551112
0.5 0.106 -0.333503 0.0106168 -0.191473 0.548362
0.5 0.107 -0.334242 0.0106436 -0.191114 0.545652
0.5 0.108 -0.334954 0.0106675 -0.190756 0.542984
0.5 0.109 -0.335641 0.0106887 -0.190398 0.540356
0.5 0.11 -0.336301 0.0107071 -0.19004 0.537769
0.5 0.111 -0.336935 0.0107227 -0.189681 0.535223
0.5 0.112 -0.337543 0.0107355 -0.189323 0.532719
0.5 0.113 -0.338125 0.0107455 -0.188965 0.530255
0.5 0.114 -0.33868 0.0107527 -0.188607 0.527832
0.5 0.115 -0.339209 0.0107571 -0.188249 0.52545
0.5 0.116 -0.339712 0.0107587 -0.18789 0.523109
0.5 0.117 -0.340189 0.0107576 -0.187532 0.52081
0.5 0.118 -0.34064 0.0107536 -0.187174 0.518551
0.5 0.119 -0.341064 0.0107469 -0.186816 0.516333
0.5 0.12 -0.341463 0.0107374 -0.186457 0.514156
0.5 0.121 -0.341835 0.0107251 -0.186099 0.51202
0.5 0.122 -0.34218 0.0107099 -0.185741 0.509925
0.5 0.123 -0.3425 0.010692 -0.185383 0.50787
0.5 0.124 -0.342793 0.0106714 -0.185025 0.505857
0.5 0.125 -0.343061 0.0106479 -0.184666 0.503885
0.5 0.126 -0.343301 0.0106216 -0.184308 0.501954
0.5 0.127 -0.343516 0.0105925 -0.18395 0.500064
0.5 0.128 -0.343705 0.0105607 -0.183592 0.498214
0.5 0.129 -0.343867 0.0105261 -0.183233 0.496406
0.5 0.13 -0.344003 0.0104886 -0.182875 0.494639
0.5 0.131 -0.344113 0.0104484 -0.182517 0.492913
0.5 0.132 -0.344197 0.0104054 -0.182159 0.491227
0.5 0.133 -0.344255 0.0103596 -0.1818 0.489583
0.5 0.134 -0.344295 0.0103549 -0.181505 0.487998
0.5 0.135 -0.34432 0.0103704 -0.18124 0.486456
0.5 0.136 -0.344327 0.0103841 -0.180975 0.484946
0.5 0.137 -0.344317 0.010396 -0.180711 0.483467
0.5 0.138 -0.344288 0.0104062 -0.180446 0.482021
0.5 0.139 -0.344242 0.0104146 -0.180182 0.480605
0.5 0.14 -0.344177 0.0104214 -0.179917 0.479222
0.5 0.141 -0.344095 0.0104263 -0.179652 0.47787
0.5 0.142 -0.343995 0.0104296 -0.179388 0.47655
0.5 0.143 -0.343876 0.0104311 -0.179123 0.475261
0.5 0.144 -0.34374 0.0104308 -0.178859 0.474005
0.5 0.145 -0.343586 0.0104288 -0.178594 0.47278
0.5 0.146 -0.343413 0.0104251 -0.178329 0.471586
0.5 0.147 -0.343223 0.0104196 -0.178065 0.470424
0.5 0.148 -0.343015 0.0104124 -0.1778 0.469294
0.5 0.149 -0.342789 0.0104034 -0.177536 0.468196
0.5 0.15 -0.342545 0.0103927 -0.177271 0.467129
0.5 0.151 -0.342283 0.0103803 -0.177006 0.466095
0.5 0.152 -0.342003 0.0103661 -0.176742 0.465091
0.5 0.153 -0.341705 0.0103502 -0.176477 0.46412
0.5 0.154 -0.34139 0.0103325 -0.176213 0.46318
0.5 0.155 -0.341056 0.0103131 -0.175948 0.462272
0.5 0.156 -0.340704 0.0102919 -0.175683 0.461395
0.5 0.157 -0.340334 0.010269 -0.175419 0.46055
0.5 0.158 -0.339947 0.0102444 -0.175154 0.459737
0.5 0.159 -0.339541 0.010218 -0.17489 0.458956
0.5 0.16 -0.339118 0.0101899 -0.174625 0.458206
0.5 0.161 -0.338676 0.01016 -0.17436 0.457488
0.5 0.162 -0.338217 0.0101284 -0.174096 0.456801
0.5 0.163 -0.337739 0.0100951 -0.173831 0.456147
0.5 0.164 -0.337244 0.01006 -0.173567 0.455524
0.5 0.165 -0.336731 0.0100231 -0.173302 0.454932
0.5 0.166 -0.336199 0.00998456 -0.173037 0.454373
0.5 0.167 -0.335651 0.00996229 -0.172784 0.453845
0.5 0.168 -0.335091 0.00997466 -0.172555 0.453341
0.5 0.169 -0.334519 0.00998573 -0.172326 0.452855
0.5 0.17 -0.333934 0.0099955 -0.172096 0.452387
0.5 0.171 -0.333338 0.010004 -0.171867 0.451938
0.5 0.172 -0.332729 0.0100111 -0.171637 0.451507
0.5 0.173 -0.332108 0.010017 -0.171408 0.451094
0.5 0.174 -0.331475 0.0100216 -0.171178 0.450699
0.5 0.175 -0.33083 0.0100248 -0.170949 0.450323
0.5 0.176 -0.330173 0.0100268 -0.170719 0.449964
0.5 0.177 -0.329503 0.0100275 -0.17049 0.449624
0.5 0.178 -0.328822 0.0100268 -0.17026 0.449302
0.5 0.179 -0.328128 0.0100249 -0.170031 0.448999
0.5 0.18 -0.327422 0.0100216 -0.169801 0.448713
0.5 0.181 -0.326704 0.0100171 -0.169572 0.448446
0.5 0.182 -0.325974 0.0100113 -0.169343 0.448197
0.5 0.183 -0.325232 0.0100041 -0.169113 0.447966
0.5 0.184 -0.324477 0.00999566 -0.168884 0.447754
0.5 0.185 -0.323711 0.00998592 -0.168654 0.447559
0.5 0.186 -0.322932 0.00997487 -0.168425 0.447383
0.5 0.187 -0.322141 0.00996253 -0.168195 0.447225
0.5 0.188 -0.321338 0.00994888 -0.167966 0.447086
0.5 0.189 -0.320523 0.00993393 -0.167736 0.446964
0.5 0.19 -0.319696 0.00991768 -0.167507 0.446861
0.5 0.191 -0.318856 0.00990013 -0.167277 0.446776
0.5 0.192 -0.318005 0.00988128 -0.167048 0.446709
0.5 0.193 -0.317141 0.00986113 -0.166818 0.44666
0.5 0.194 -0.316265 0.00983967 -0.166589 0.44663
0.5 0.195 -0.315377 0.00981692 -0.166359 0.446618
0.5 0.196 -0.314477 0.00979286 -0.16613 0.446624
0.5 0.197 -0.313565 0.00976751 -0.165901 0.446648
0.5 0.198 -0.312641 0.00974085 -0.165671 0.446691
0.5 0.199 -0.311704 0.00971289 -0.165442 0.446751
0.5 0.2 -0.310755 0.00968364 -0.165212 0.44683
0.5 0.201 -0.309797 0.00968881 -0.164976 0.446912
0.5 0.202 -0.308831 0.00969291 -0.16474 0.447002
0.5 0.203 -0.307859 0.00969596 -0.164504 0.447099
0.5 0.204 -0.306879 0.00969794 -0.164268 0.447205
0.5 0.205 -0.305893 0.00969885 -0.164032 0.447317
0.5 0.206 -0.304901 0.0096987 -0.163796 0.447438
0.5 0.207 -0.303901 0.00969749 -0.16356 0.447566
0.5 0.208 -0.302894 0.00969522 -0.163325 0.447702
0.5 0.209 -0.301881 0.00969188 -0.163089 0.447846
0.5 0.21 -0.300861 0.00968748 -0.162853 0.447997
0.5 0.211 -0.299834 0.00968202 -0.162617 0.448156
0.5 0.212 -0.2988 0.00967549 -0.162381 0.448323
0.5 0.213 -0.297759 0.0096679 -0.162145 0.448498
0.5 0.214 -0.296712 0.00965924 -0.161909 0.44868
0.5 0.215 -0.295657 0.00964953 -0.161673 0.44887
0.5 0.216 -0.294596 0.00963874 -0.161437 0.449067
0.5 0.217 -0.293528 0.0096269 -0.161201 0.449273
0.5 0.218 -0.292453 0.00961399 -0.160965 0.449486
0.5 0.219 -0.291372 0.00960002 -0.160729 0.449706
0.5 0.22 -0.290283 0.00958498 -0.160493 0.449935
0.5 0.221 -0.289188 0.00956889 -0.160257 0.450171
0.5 0.222 -0.288086 0.00955172 -0.160021 0.450415
0.5 0.223 -0.286977 0.0095335 -0.159785 0.450666
0.5 0.224 -0.285861 0.00951421 -0.159549 0.450926
0.5 0.225 -0.284738 0.00949386 -0.159313 0.451192
0.5 0.226 -0.283609 0.00947244 -0.159077 0.451467
0.5 0.227 -0.282472 0.00944996 -0.158841 0.45175
0.5 0.228 -0.281329 0.00942642 -0.158605 0.45204
0.5 0.229 -0.280179 0.00940181 -0.158369 0.452337
0.5 0.23 -0.279022 0.00937614 -0.158134 0.452643
0.5 0.231 -0.277859 0.00934941 -0.157898 0.452956
0.5 0.232 -0.276688 0.00932161 -0.157662 0.453277
0.5 0.233 -0.275511 0.00929275 -0.157426 0.453606
0.5 0.234 -0.274329 0.00927568 -0.157169 0.453934
0.5 0.235 -0.273144 0.00926422 -0.156903 0.45426
0.5 0.236 -0.271957 0.00925202 -0.156636 0.454588
0.5 0.237 -0.270768 0.00923908 -0.15637 0.454917
0.5 0.238 -0.269576 0.00922538 -0.156103 0.455248
0.5 0.239 -0.268383 0.00921094 -0.155837 0.455581
0.5 0.24 -0.267187 0.00919576 -0.15557 0.455915
0.5 0.241 -0.265989 0.00917983 -0.155304 0.45625
0.5 0.242 -0.264788 0.00916315 -0.155037 0.456588
0.5 0.243 -0.263586 0.00914572 -0.154771 0.456926
0.5 0.244 -0.262381 0.00912755 -0.154504 0.457267
0.5 0.245 -0.261174 0.00910864 -0.154238 0.457609
0.5 0.246 -0.259964 0.00908897 -0.153971 0.457952
0.5 0.247 -0.258753 0.00906856 -0.153705 0.458297
0.5 0.248 -0.257539 0.00904741 -0.153438 0.458644
0.5 0.249 -0.256323 0.0090255 -0.153171 0.458992
0.5 0.25 -0.255104 0.00900285 -0.152905 0.459342
0.5 0.251 -0.253884 0.00897946 -0.152638 0.459693
0.5 0.252 -0.252661 0.00895532 -0.152372 0.460046
0.5 0.253 -0.251436 0.00893043 -0.152105 0.4604
0.5 0.254 -0.250208 0.00890479 -0.151839 0.460756
0.5 0.255 -0.248979 0.00887841 -0.151572 0.461114
0.5 0.256 -0.247747 0.00885129 -0.151306 0.461473
0.5 0.257 -0.246513 0.00882341 -0.151039 0.461833
0.5 0.258 -0.245277 0.00879479 -0.150773 0.462195
0.5 0.259 -0.244038 0.00876543 -0.150506 0.462559
0.5 0.26 -0.242798 0.00873532 -0.15024 0.462924
0.5 0.261 -0.241555 0.00870446 -0.149973 0.463291
0.5 0.262 -0.240309 0.00867285 -0.149707 0.46366
0.5 0.263 -0.239062 0.0086405 -0.14944 0.46403
0.5 0.264 -0.237812 0.0086074 -0.149174 0.464401
0.5 0.265 -0.23656 0.00857356 -0.148907 0.464774
0.5 0.266 -0.235306 0.00853897 -0.148641 0.465149
0.5 0.267 -0.23405 0.00850604 -0.148361 0.465522
0.5 0.268 -0.232797 0.00847743 -0.148053 0.46589
0.5 0.269 -0.231544 0.00844845 -0.147746 0.466257
0.5 0.27 -0.230292 0.00841911 -0.147439 0.466622
0.5 0.271 -0.229041 0.0083894 -0.147132 0.466986
0.5 0.272 -0.227791 0.00835932 -0.146825 0.467349
0.5 0.273 -0.226543 0.00832887 -0.146518 0.46771
0.5 0.274 -0.225295 0.00829806 -0.146211 0.46807
0.5 0.275 -0.224048 0.00826688 -0.145904 0.468428
0.5 0.276 -0.222802 0.00823533 -0.145597 0.468786
0.5 0.277 -0.221556 0.00820341 -0.14529 0.469141
0.5 0.278 -0.220312 0.00817113 -0.144983 0.469496
0.5 0.279 -0.219069 0.00813848 -0.144675 0.469849
0.5 0.28 -0.217827 0.00810546 -0.144368 0.4702
0.5 0.281 -0.216586 0.00807207 -0.144061 0.470551
0.5 0.282 -0.215346 0.00803832 -0.143754 0.4709
0.5 0.283 -0.214106 0.0080042 -0.143447 0.471247
0.5 0.284 -0.212868 0.00796971 -0.14314 0.471594
0.5 0.285 -0.211631 0.00793485 -0.142833 0.471938
0.5 0.286 -0.210394 0.00789963 -0.142526 0.472282
0.5 0.287 -0.209159 0.00786404 -0.142219 0.472624
0.5 0.288 -0.207924 0.00782808 -0.141912 0.472965
0.5 0.289 -0.206691 0.00779175 -0.141605 0.473304
0.5 0.29 -0.205458 0.00775506 -0.141297 0.473642
0.5 0.291 -0.204227 0.007718 -0.14099 0.473979
0.5 0.292 -0.202996 0.00768057 -0.140683 0.474314
0.5 0.293 -0.201766 0.00764278 -0.140376 0.474648
0.5 0.294 -0.200538 0.00760461 -0.140069 0.474981
0.5 0.295 -0.19931 0.00756608 -0.139762 0.475312
0.5 0.296 -0.198083 0.00752718 -0.139455 0.475642
0.5 0.297 -0.196857 0.00748792 -0.139148 0.475971
0.5 0.298 -0.195632 0.00744829 -0.138841 0.476298
0.5 0.299 -0.194408 0.00740829 -0.138534 0.476624
0.5 0.3 -0.193185 0.00736792 -0.138227 0.476948
0.5 0.301 -0.191967 0.0073271 -0.137878 0.477266
0.5 0.302 -0.190751 0.00728625 -0.13753 0.477582
0.5 0.303 -0.189537 0.00724537 -0.137181 0.477896
0.5 0.304 -0.188326 0.00720445 -0.136833 0.478207
0.5 0.305 -0.187118 0.00716349 -0.136484 0.478515
0.5 0.306 -0.185913 0.0071225 -0.136136 0.478822
0.5 0.307 -0.18471 0.00708147 -0.135787 0.479126
0.5 0.308 -0.183509 0.00704041 -0.135439 0.479427
0.5 0.309 -0.182312 0.00699932 -0.13509 0.479726
0.5 0.31 -0.181116 0.00695819 -0.134742 0.480023
0.5 0.311 -0.179924 0.00691702 -0.134394 0.480318
0.5 0.312 -0.178734 0.00687582 -0.134045 0.48061
0.5 0.313 -0.177547 0.00683458 -0.133697 0.480899
0.5 0.314 -0.176363 0.00679331 -0.133348 0.481186
0.5 0.315 -0.175181 0.00675201 -0.133 0.481471
0.5 0.316 -0.174001 0.00671067 -0.132651 0.481754
0.5 0.317 -0.172825 0.00666929 -0.132303 0.482034
0.5 0.318 -0.171651 0.00662788 -0.131954 0.482311
0.5 0.319 -0.170479 0.00658643 -0.131606 0.482587
0.5 0.32 -0.16931 0.00654495 -0.131257 0.48286
0.5 0.321 -0.168144 0.00650344 -0.130909 0.48313
0.5 0.322 -0.166981 0.00646189 -0.130561 0.483398
0.5 0.323 -0.16582 0.0064203 -0.130212 0.483664
0.5 0.324 -0.164662 0.00637868 -0.129864 0.483927
0.5 0.325 -0.163506 0.00633702 -0.129515 0.484188
0.5 0.326 -0.162353 0.00629533 -0.129167 0.484447
0.5 0.327 -0.161203 0.00625361 -0.128818 0.484703
0.5 0.328 -0.160055 0.00621185 -0.12847 0.484957
0.5 0.329 -0.15891 0.00617005 -0.128121 0.485208
0.5 0.33 -0.157767 0.00612822 -0.127773 0.485457
0.5 0.331 -0.156627 0.00608635 -0.127424 0.485704
0.5 0.332 -0.15549 0.00604445 -0.127076 0.485948
0.5 0.333 -0.154356 0.00600252 -0.126728 0.48619
0.5 0.334 -0.153225 0.00595801 -0.126354 0.486428
0.5 0.335 -0.152098 0.00591239 -0.125968 0.486663
0.5 0.336 -0.150974 0.00586695 -0.125582 0.486895
0.5 0.337 -0.149853 0.00582169 -0.125196 0.487125
0.5 0.338 -0.148735 0.00577661 -0.12481 0.487352
0.5 0.339 -0.14762 0.00573171 -0.124425 0.487577
0.5 0.34 -0.146508 0.005687 -0.124039 0.4878
0.5 0.341 -0.1454 0.00564246 -0.123653 0.48802
0.5 0.342 -0.144294 0.00559811 -0.123267 0.488238
0.5 0.343 -0.143192 0.00555394 -0.122881 0.488453
0.5 0.344 -0.142092 0.00550994 -0.122495 0.488666
0.5 0.345 -0.140996 0.00546613 -0.122109 0.488876
0.5 0.346 -0.139903 0.0054225 -0.121723 0.489085
0.5 0.347 -0.138813 0.00537906 -0.121337 0.48929
0.5 0.348 -0.137726 0.00533579 -0.120951 0.489493
0.5 0.349 -0.136642 0.0052927 -0.120565 0.489694
0.5 0.35 -0.135561 0.0052498 -0.12018 0.489892
0.5 0.351 -0.134483 0.00520707 -0.119794 0.490088
0.5 0.352 -0.133408 0.00516453 -0.119408 0.490282
0.5 0.353 -0.132336 0.00512217 -0.119022 0.490473
0.5 0.354 -0.131268 0.00507999 -0.118636 0.490661
0.5 0.355 -0.130202 0.00503799 -0.11825 0.490847
0.5 0.356 -0.12914 0.00499617 -0.117864 0.491031
0.5 0.357 -0.12808 0.00495453 -0.117478 0.491212
0.5 0.358 -0.127024 0.00491307 -0.117092 0.491391
0.5 0.359 -0.125971 0.0048718 -0.116706 0.491568
0.5 0.36 -0.124921 0.00483071 -0.11632 0.491742
0.5 0.361 -0.123874 0.00478979 -0.115934 0.491913
0.5 0.362 -0.12283 0.00474906 -0.115549 0.492082
0.5 0.363 -0.121789 0.00470851 -0.115163 0.492249
0.5 0.364 -0.120751 0.00466814 -0.114777 0.492414
0.5 0.365 -0.119716 0.00462795 -0.114391 0.492575
0.5 0.366 -0.118684 0.00458795 -0.114005 0.492735
0.5 0.367 -0.117656 0.00454649 -0.113608 0.492891
0.5 0.368 -0.116631 0.00450203 -0.11319 0.493045
0.5 0.369 -0.115609 0.00445783 -0.112772 0.493197
0.5 0.37 -0.114589 0.00441391 -0.112354 0.493347
0.5 0.371 -0.113573 0.00437026 -0.111936 0.493495
0.5 0.372 -0.112559 0.00432688 -0.111518 0.49364
0.5 0.373 -0.111548 0.00428376 -0.1111 0.493784
0.5 0.374 -0.11054 0.00424092 -0.110682 0.493926
0.5 0.375 -0.109534 0.00419835 -0.110264 0.494065
0.5 0.376 -0.108531 0.00415605 -0.109846 0.494203
0.5 0.377 -0.107531 0.00411403 -0.109428 0.494338
0.5 0.378 -0.106534 0.00407227 -0.10901 0.494472
0.5 0.379 -0.10554 0.00403078 -0.108592 0.494603
0.5 0.38 -0.104548 0.00398957 -0.108174 0.494733
0.5 0.381 -0.103559 0.00394862 -0.107756 0.49486
0.5 0.382 -0.102573 0.00390795 -0.107338 0.494986
0.5 0.383 -0.10159 0.00386754 -0.10692 0.495109
0.5 0.384 -0.100609 0.00382741 -0.106502 0.495231
0.5 0.385 -0.0996311 0.00378755 -0.106084 0.49535
0.5 0.386 -0.0986561 0.00374795 -0.105666 0.495468
0.5 0.387 -0.0976838 0.00370863 -0.105248 0.495583
0.5 0.388 -0.0967143 0.00366958 -0.10483 0.495696
0.5 0.389 -0.0957475 0.0036308 -0.104412 0.495808
0.5 0.39 -0.0947836 0.00359229 -0.103994 0.495917
0.5 0.391 -0.0938224 0.00355406 -0.103575 0.496024
0.5 0.392 -0.0928639 0.00351609 -0.103157 0.496129
0.5 0.393 -0.0919083 0.00347839 -0.102739 0.496233
0.5 0.394 -0.0909554 0.00344096 -0.102321 0.496334
0.5 0.395 -0.0900053 0.00340381 -0.101903 0.496433
0.5 0.396 -0.0890579 0.00336693 -0.101485 0.49653
0.5 0.397 -0.0881134 0.00333031 -0.101067 0.496625
0.5 0.398 -0.0871716 0.00329397 -0.100649 0.496718
0.5 0.399 -0.0862325 0.0032579 -0.100231 0.49681
0.5 0.4 -0.0852963 0.00322209 -0.0998132 0.496899
0.5 0.401 -0.0843627 0.00318215 -0.099368 0.496985
0.5 0.402 -0.0834312 0.00314246 -0.0989228 0.497071
0.5 0.403 -0.0825018 0.00310302 -0.0984776 0.497155
0.5 0.404 -0.0815745 0.00306385 -0.0980324 0.497237
0.5 0.405 -0.0806493 0.00302494 -0.0975872 0.497318
0.5 0.406 -0.0797262 0.00298628 -0.097142 0.497398
0.5 0.407 -0.0788052 0.00294788 -0.0966968 0.497476
0.5 0.408 -0.0778862 0.00290975 -0.0962516 0.497553
0.5 0.409 -0.0769694 0.00287187 -0.0958064 0.497628
0.5 0.41 -0.0760546 0.00283425 -0.0953613 0.497701
0.5 0.411 -0.075142 0.00279688 -0.0949161 0.497774
0.5 0.412 -0.0742314 0.00275978 -0.0944709 0.497845
0.5 0.413 -0.0733229 0.00272293 -0.0940257 0.497914
0.5 0.414 -0.0724165 0.00268635 -0.0935805 0.497982
0.5 0.415 -0.0715122 0.00265002 -0.0931353 0.498048
0.5 0.416 -0.07061 0.00261395 -0.0926901 0.498113
0.5 0.417 -0.0697099 0.00257814 -0.0922449 0.498177
0.5 0.418 -0.0688119 0.00254259 -0.0917997 0.498239
0.5 0.419 -0.067916 0.0025073 -0.0913545 0.498299
0.5 0.42 -0.0670221 0.00247226 -0.0909093 0.498359
0.5 0.421 -0.0661304 0.00243748 -0.0904641 0.498416
0.5 0.422 -0.0652407 0.00240297 -0.0900189 0.498473
0.5 0.423 -0.0643532 0.00236871 -0.0895737 0.498527
0.5 0.424 -0.0634677 0.00233471 -0.0891286 0.498581
0.5 0.425 -0.0625843 0.00230097 -0.0886834 0.498633
0.5 0.426 -0.0617031 0.00226748 -0.0882382 0.498683
0.5 0.427 -0.0608239 0.00223426 -0.087793 0.498732
0.5 0.428 -0.0599468 0.00220129 -0.0873478 0.49878
0.5 0.429 -0.0590718 0.00216859 -0.0869026 0.498826
0.5 0.43 -0.0581988 0.00213614 -0.0864574 0.49887
0.5 0.431 -0.057328 0.00210395 -0.0860122 0.498913
0.5 0.432 -0.0564593 0.00207202 -0.085567 0.498955
0.5 0.433 -0.0555926 0.00204035 -0.0851218 0.498995
0.5 0.434 -0.0547279 0.00200679 -0.084661 0.499034
0.5 0.435 -0.0538644 0.00197237 -0.0841924 0.499072
0.5 0.436 -0.0530023 0.00193812 -0.0837238 0.499109
0.5 0.437 -0.0521414 0.00190404 -0.0832551 0.499145
0.5 0.438 -0.0512817 0.00187015 -0.0827865 0.49918
0.5 0.439 -0.0504234 0.00183644 -0.0823179 0.499215
0.5 0.44 -0.0495663 0.00180291 -0.0818493 0.499248
0.5 0.441 -0.0487105 0.00176956 -0.0813807 0.499281
0.5 0.442 -0.047856 0.00173638 -0.080912 0.499313
0.5 0.443 -0.0470027 0.00170339 -0.0804434 0.499344
0.5 0.444 -0.0461508 0.00167057 -0.0799748 0.499374
0.5 0.445 -0.0453001 0.00163793 -0.0795062 0.499403
0.5 0.446 -0.0444506 0.00160548 -0.0790376 0.499431
0.5 0.447 -0.0436025 0.0015732 -0.0785689 0.499459
0.5 0.448 -0.0427556 0.0015411 -0.0781003 0.499485
0.5 0.449 -0.04191 0.00150918 -0.0776317 0.499511
0.5 0.45 -0.0410657 0.00147744 -0.0771631 0.499536
0.5 0.451 -0.0402226 0.00144588 -0.0766945 0.49956
0.5 0.452 -0.0393808 0.0014145 -0.0762258 0.499583
0.5 0.453 -0.0385403 0.0013833 -0.0757572 0.499605
0.5 0.454 -0.0377011 0.00135227 -0.0752886 0.499627
0.5 0.455 -0.0368632 0.00132143 -0.07482 0.499647
0.5 0.456 -0.0360265 0.00129076 -0.0743514 0.499667
0.5 0.457 -0.0351911 0.00126028 -0.0738827 0.499686
0.5 0.458 -0.0343569 0.00122997 -0.0734141 0.499704
0.5 0.459 -0.0335241 0.00119985 -0.0729455 0.499721
0.5 0.46 -0.0326925 0.0011699 -0.0724769 0.499737
0.5 0.461 -0.0318622 0.00114013 -0.0720083 0.499753
0.5 0.462 -0.0310331 0.00111054 -0.0715396 0.499767
0.5 0.463 -0.0302054 0.00108113 -0.071071 0.499781
0.5 0.464 -0.0293789 0.0010519 -0.0706024 0.499794
0.5 0.465 -0.0285537 0.00102285 -0.0701338 0.499806
0.5 0.466 -0.0277297 0.000993978 -0.0696652 0.499817
0.5 0.467 -0.026907 0.000964732 -0.0691895 0.499827
0.5 0.468 -0.0260848 0.000934481 -0.0686997 0.499837
0.5 0.469 -0.0252631 0.000904294 -0.0682099 0.499846
0.5 0.47 -0.0244418 0.000874171 -0.0677201 0.499856
0.5 0.471 -0.0236209 0.000844111 -0.0672303 0.499864
0.5 0.472 -0.0228004 0.000814114 -0.0667405 0.499873
0.5 0.473 -0.0219804 0.000784181 -0.0662507 0.499882
0.5 0.474 -0.0211607 0.000754312 -0.065761 0.49989
0.5 0.475 -0.0203415 0.000724506 -0.0652712 0.499897
0.5 0.476 -0.0195228 0.000694764 -0.0647814 0.499905
0.5 0.477 -0.0187044 0.000665085 -0.0642916 0.499912
0.5 0.478 -0.0178865 0.000635469 -0.0638018 0.499919
0.5 0.479 -0.017069 0.000605918 -0.063312 0.499926
0.5 0.48 -0.016252 0.000576429 -0.0628222 0.499932
0.5 0.481 -0.0154353 0.000547004 -0.0623324 0.499938
0.5 0.482 -0.0146191 0.000517643 -0.0618426 0.499944
0.5 0.483 -0.0138033 0.000488345 -0.0613528 0.49995
0.5 0.484 -0.0129879 0.000459111 -0.0608631 0.499955
0.5 0.485 -0.012173 0.00042994 -0.0603733 0.49996
0.5 0.486 -0.0113585 0.000400833 -0.0598835 0.499964
0.5 0.487 -0.0105444 0.000371789 -0.0593937 0.499969
0.5 0.488 -0.00973075 0.000342809 -0.0589039 0.499973
0.5 0.489 -0.00891751 0.000313892 -0.0584141 0.499977
0.5 0.49 -0.0081047 0.000285039 -0.0579243 0.49998
0.5 0.491 -0.00729232 0.00025625 -0.0574345 0.499984
0.5 0.492 -0.00648036 0.000227523 -0.0569447 0.499987
0.5 0.493 -0.00566882 0.000198861 -0.0564549 0.499989
0.5 0.494 -0.00485771 0.000170262 -0.0559652 0.499992
0.5 0.495 -0.00404703 0.000141726 -0.0554754 0.499994
0.5 0.496 -0.00323677 0.000113254 -0.0549856 0.499996
0.5 0.497 -0.00242694 8.48454e-05 -0.0544958 0.499997
0.5 0.498 -0.00161754 5.65004e-05 -0.054006 0.499998
0.5 0.499 -0.000808556 2.82188e-05 -0.0535162 0.499999
0.5 0.5 -6.7048e-10 8.02362e-10 -0.0530264 0.5
0.5 0.501 0.000808554 -2.82172e-05 -0.0525162 0.500001
0.5 0.502 0.00161753 -5.64988e-05 -0.052006 0.500002
0.5 0.503 0.00242694 -8.48438e-05 -0.0514958 0.500003
0.5 0.504 0.00323677 -0.000113252 -0.0509856 0.500004
0.5 0.505 0.00404703 -0.000141725 -0.0504754 0.500006
0.5 0.506 0.00485771 -0.00017026 -0.0499652 0.500008
0.5 0.507 0.00566882 -0.000198859 -0.0494549 0.500011
0.5 0.508 0.00648035 -0.000227522 -0.0489447 0.500013
0.5 0.509 0.00729231 -0.000256248 -0.0484345 0.500016
0.5 0.51 0.0081047 -0.000285038 -0.0479243 0.50002
0.5 0.511 0.00891751 -0.000313891 -0.0474141 0.500023
0.5 0.512 0.00973075 -0.000342808 -0.0469039 0.500027
0.5 0.513 0.0105444 -0.000371788 -0.0463937 0.500031
0.5 0.514 0.0113585 -0.000400832 -0.0458835 0.500036
0.5 0.515 0.012173 -0.000429939 -0.0453733 0.50004
0.5 0.516 0.0129879 -0.00045911 -0.0448631 0.500045
0.5 0.517 0.0138033 -0.000488344 -0.0443528 0.50005
0.5 0.518 0.0146191 -0.000517642 -0.0438426 0.500056
0.5 0.519 0.0154353 -0.000547003 -0.0433324 0.500062
0.5 0.52 0.016252 -0.000576428 -0.0428222 0.500068
0.5 0.521 0.017069 -0.000605916 -0.042312 0.500074
0.5 0.522 0.0178865 -0.000635468 -0.0418018 0.500081
0.5 0.523 0.0187044 -0.000665083 -0.0412916 0.500088
0.5 0.524 0.0195228 -0.000694762 -0.0407814 0.500095
0.5 0.525 0.0203415 -0.000724504 -0.0402712 0.500103
0.5 0.526 0.0211607 -0.00075431 -0.039761 0.50011
0.5 0.527 0.0219804 -0.00078418 -0.0392507 0.500118
0.5 0.528 0.0228004 -0.000814113 -0.0387405 0.500127
0.5 0.529 0.0236209 -0.000844109 -0.0382303 0.500136
0.5 0.53 0.0244418 -0.000874169 -0.0377201 0.500144
0.5 0.531 0.0252631 -0.000904293 -0.0372099 0.500154
0.5 0.532 0.0260848 -0.00093448 -0.0366997 0.500163
0.5 0.533 0.026907 -0.00096473 -0.0361895 0.500173
0.5 0.534 0.0277297 -0.000993976 -0.0356652 0.500183
0.5 0.535 0.0285537 -0.00102285 -0.0351338 0.500194
0.5 0.536 0.0293789 -0.0010519 -0.0346024 0.500206
0.5 0.537 0.0302054 -0.00108113 -0.034071 0.500219
0.5 0.538 0.0310331 -0.00111054 -0.0335396 0.500233
0.5 0.539 0.0318622 -0.00114013 -0.0330083 0.500247
0.5 0.54 0.0326925 -0.0011699 -0.0324769 0.500263
0.5 0.541 0.0335241 -0.00119984 -0.0319455 0.500279
0.5 0.542 0.0343569 -0.00122997 -0.0314141 0.500296
0.5 0.543 0.0351911 -0.00126028 -0.0308827 0.500314
0.5 0.544 0.0360265 -0.00129076 -0.0303514 0.500333
0.5 0.545 0.0368632 -0.00132143 -0.02982 0.500353
0.5 0.546 0.0377011 -0.00135227 -0.0292886 0.500373
0.5 0.547 0.0385403 -0.00138329 -0.0287572 0.500395
0.5 0.548 0.0393808 -0.0014145 -0.0282258 0.500417
0.5 0.549 0.0402226 -0.00144588 -0.0276945 0.50044
0.5 0.55 0.0410657 -0.00147744 -0.0271631 0.500464
0.5 0.551 0.04191 -0.00150918 -0.0266317 0.500489
0.5 0.552 0.0427556 -0.0015411 -0.0261003 0.500515
0.5 0.553 0.0436025 -0.0015732 -0.0255689 0.500541
0.5 0.554 0.0444506 -0.00160548 -0.0250376 0.500569
0.5 0.555 0.0453001 -0.00163793 -0.0245062 0.500597
0.5 0.556 0.0461508 -0.00167057 -0.0239748 0.500626
0.5 0.557 0.0470027 -0.00170338 -0.0234434 0.500656
0.5 0.558 0.047856 -0.00173638 -0.022912 0.500687
0.5 0.559 0.0487105 -0.00176955 -0.0223807 0.500719
0.5 0.56 0.0495663 -0.00180291 -0.0218493 0.500752
0.5 0.561 0.0504234 -0.00183644 -0.0213179 0.500785
0.5 0.562 0.0512817 -0.00187015 -0.0207865 0.50082
0.5 0.563 0.0521414 -0.00190404 -0.0202551 0.500855
0.5 0.564 0.0530023 -0.00193811 -0.0197238 0.500891
0.5 0.565 0.0538644 -0.00197236 -0.0191924 0.500928
0.5 0.566 0.0547279 -0.00200679 -0.018661 0.500966
0.5 0.567 0.0555926 -0.00204034 -0.0181218 0.501005
0.5 0.568 0.0564593 -0.00207202 -0.017567 0.501045
0.5 0.569 0.057328 -0.00210395 -0.0170122 0.501087
0.5 0.57 0.0581988 -0.00213614 -0.0164574 0.50113
0.5 0.571 0.0590718 -0.00216859 -0.0159026 0.501174
0.5 0.572 0.0599468 -0.00220129 -0.0153478 0.50122
0.5 0.573 0.0608239 -0.00223426 -0.014793 0.501268
0.5 0.574 0.0617031 -0.00226748 -0.0142382 0.501317
0.5 0.575 0.0625843 -0.00230097 -0.0136834 0.501367
0.5 0.576 0.0634677 -0.00233471 -0.0131286 0.501419
0.5 0.577 0.0643532 -0.00236871 -0.0125737 0.501473
0.5 0.578 0.0652407 -0.00240297 -0.0120189 0.501527
0.5 0.579 0.0661304 -0.00243748 -0.0114641 0.501584
0.5 0.58 0.0670221 -0.00247226 -0.0109093 0.501641
0.5 0.581 0.067916 -0.00250729 -0.0103545 0.501701
0.5 0.582 0.0688119 -0.00254259 -0.00979971 0.501761
0.5 0.583 0.0697099 -0.00257814 -0.0092449 0.501823
0.5 0.584 0.07061 -0.00261395 -0.0086901 0.501887
0.5 0.585 0.0715122 -0.00265002 -0.00813529 0.501952
0.5 0.586 0.0724165 -0.00268635 -0.00758048 0.502018
0.5 0.587 0.0733229 -0.00272293 -0.00702568 0.502086
0.5 0.588 0.0742314 -0.00275978 -0.00647087 0.502155
0.5 0.589 0.075142 -0.00279688 -0.00591606 0.502226
0.5 0.59 0.0760546 -0.00283424 -0.00536125 0.502299
0.5 0.591 0.0769694 -0.00287187 -0.00480645 0.502372
0.5 0.592 0.0778862 -0.00290974 -0.00425164 0.502447
0.5 0.593 0.0788052 -0.00294788 -0.00369683 0.502524
0.5 0.594 0.0797262 -0.00298628 -0.00314203 0.502602
0.5 0.595 0.0806493 -0.00302494 -0.00258722 0.502682
0.5 0.596 0.0815745 -0.00306385 -0.00203241 0.502763
0.5 0.597 0.0825018 -0.00310302 -0.00147761 0.502845
0.5 0.598 0.0834312 -0.00314245 -0.0009228 0.502929
0.5 0.599 0.0843627 -0.00318214 -0.000367993 0.503015
0.5 0.6 0.0852963 -0.00322209 0.000186814 0.503101
0.5 0.601 0.0862325 -0.00325789 0.000768782 0.50319
0.5 0.602 0.0871716 -0.00329397 0.00135075 0.503282
0.5 0.603 0.0881134 -0.00333031 0.00193272 0.503375
0.5 0.604 0.0890579 -0.00336692 0.00251469 0.50347
0.5 0.605 0.0900053 -0.00340381 0.00309666 0.503567
0.5 0.606 0.0909554 -0.00344096 0.00367862 0.503666
0.5 0.607 0.0919083 -0.00347839 0.00426059 0.503767
0.5 0.608 0.0928639 -0.00351609 0.00484256 0.503871
0.5 0.609 0.0938224 -0.00355405 0.00542453 0.503976
0.5 0.61 0.0947836 -0.00359229 0.0060065 0.504083
0.5 0.611 0.0957475 -0.0036308 0.00658847 0.504192
0.5 0.612 0.0967143 -0.00366958 0.00717044 0.504304
0.5 0.613 0.0976838 -0.00370863 0.0077524 0.504417
0.5 0.614 0.0986561 -0.00374795 0.00833437 0.504532
0.5 0.615 0.0996311 -0.00378754 0.00891634 0.50465
0.5 0.616 0.100609 -0.00382741 0.00949831 0.504769
0.5 0.617 0.10159 -0.00386754 0.0100803 0.504891
0.5 0.618 0.102573 -0.00390794 0.0106622 0.505014
0.5 0.619 0.103559 -0.00394862 0.0112442 0.50514
0.5 0.62 0.104548 -0.00398956 0.0118262 0.505267
0.5 0.621 0.10554 -0.00403078 0.0124082 0.505397
0.5 0.622 0.106534 -0.00407227 0.0129901 0.505528
0.5 0.623 0.107531 -0.00411402 0.0135721 0.505662
0.5 0.624 0.108531 -0.00415605 0.0141541 0.505797
0.5 0.625 0.109534 -0.00419835 0.014736 0.505935
0.5 0.626 0.11054 -0.00424092 0.015318 0.506074
0.5 0.627 0.111548 -0.00428376 0.0159 0.506216
0.5 0.628 0.112559 -0.00432687 0.0164819 0.50636
0.5 0.629 0.113573 -0.00437026 0.0170639 0.506505
0.5 0.63 0.114589 -0.00441391 0.0176459 0.506653
0.5 0.631 0.115609 -0.00445783 0.0182278 0.506803
0.5 0.632 0.116631 -0.00450203 0.0188098 0.506955
0.5 0.633 0.117656 -0.00454649 0.0193918 0.507109
0.5 0.634 0.118684 -0.00458794 0.0199952 0.507265
0.5 0.635 0.119716 -0.00462795 0.0206092 0.507425
0.5 0.636 0.120751 -0.00466814 0.0212233 0.507586
0.5 0.637 0.121789 -0.00470851 0.0218374 0.507751
0.5 0.638 0.12283 -0.00474906 0.0224515 0.507918
0.5 0.639 0.123874 -0.00478979 0.0230656 0.508087
0.5 0.64 0.124921 -0.0048307 0.0236797 0.508258
0.5 0.641 0.125971 -0.0048718 0.0242937 0.508432
0.5 0.642 0.127024 -0.00491307 0.0249078 0.508609
0.5 0.643 0.12808 -0.00495453 0.0255219 0.508788
0.5 0.644 0.12914 -0.00499617 0.026136 0.508969
0.5 0.645 0.130202 -0.00503799 0.0267501 0.509153
0.5 0.646 0.131268 -0.00507999 0.0273642 0.509339
0.5 0.647 0.132336 -0.00512217 0.0279782 0.509527
0.5 0.648 0.133408 -0.00516453 0.0285923 0.509718
0.5 0.649 0.134483 -0.00520707 0.0292064 0.509912
0.5 0.65 0.135561 -0.00524979 0.0298205 0.510108
0.5 0.651 0.136642 -0.0052927 0.0304346 0.510306
0.5 0.652 0.137726 -0.00533579 0.0310487 0.510507
0.5 0.653 0.138813 -0.00537905 0.0316628 0.51071
0.5 0.654 0.139903 -0.0054225 0.0322768 0.510915
0.5 0.655 0.140996 -0.00546613 0.0328909 0.511124
0.5 0.656 0.142092 -0.00550994 0.033505 0.511334
0.5 0.657 0.143192 -0.00555393 0.0341191 0.511547
0.5 0.658 0.144294 -0.00559811 0.0347332 0.511762
0.5 0.659 0.1454 -0.00564246 0.0353473 0.51198
0.5 0.66 0.146508 -0.005687 0.0359613 0.5122
0.5 0.661 0.14762 -0.00573171 0.0365754 0.512423
0.5 0.662 0.148735 -0.00577661 0.0371895 0.512648
0.5 0.663 0.149853 -0.00582169 0.0378036 0.512875
0.5 0.664 0.150974 -0.00586695 0.0384177 0.513105
0.5 0.665 0.152098 -0.00591239 0.0390318 0.513337
0.5 0.666 0.153225 -0.00595801 0.0396458 0.513572
0.5 0.667 0.154356 -0.00600251 0.0402724 0.51381
0.5 0.668 0.15549 -0.00604445 0.040924 0.514052
0.5 0.669 0.156627 -0.00608635 0.0415755 0.514296
0.5 0.67 0.157767 -0.00612822 0.0422271 0.514543
0.5 0.671 0.15891 -0.00617005 0.0428786 0.514792
0.5 0.672 0.160055 -0.00621184 0.0435302 0.515043
0.5 0.673 0.161203 -0.00625361 0.0441817 0.515297
0.5 0.674 0.162353 -0.00629533 0.0448332 0.515553
0.5 0.675 0.163506 -0.00633702 0.0454848 0.515812
0.5 0.676 0.164662 -0.00637868 0.0461363 0.516073
0.5 0.677 0.16582 -0.0064203 0.0467879 0.516336
0.5 0.678 0.166981 -0.00646189 0.0474394 0.516602
0.5 0.679 0.168144 -0.00650344 0.048091 0.51687
0.5 0.68 0.16931 -0.00654495 0.0487425 0.51714
0.5 0.681 0.170479 -0.00658643 0.0493941 0.517413
0.5 0.682 0.171651 -0.00662788 0.0500456 0.517689
0.5 0.683 0.172825 -0.00666929 0.0506972 0.517966
0.5 0.684 0.174001 -0.00671067 0.0513487 0.518246
0.5 0.685 0.175181 -0.00675201 0.0520003 0.518529
0.5 0.686 0.176363 -0.00679331 0.0526518 0.518814
0.5 0.687 0.177547 -0.00683458 0.0533034 0.519101
0.5 0.688 0.178734 -0.00687582 0.0539549 0.51939
0.5 0.689 0.179924 -0.00691702 0.0546065 0.519682
0.5 0.69 0.181116 -0.00695819 0.055258 0.519977
0.5 0.691 0.182312 -0.00699932 0.0559096 0.520274
0.5 0.692 0.183509 -0.00704041 0.0565611 0.520573
0.5 0.693 0.18471 -0.00708147 0.0572126 0.520874
0.5 0.694 0.185913 -0.0071225 0.0578642 0.521178
0.5 0.695 0.187118 -0.00716349 0.0585157 0.521485
0.5 0.696 0.188326 -0.00720444 0.0591673 0.521793
0.5 0.697 0.189537 -0.00724537 0.0598188 0.522104
0.5 0.698 0.190751 -0.00728625 0.0604704 0.522418
0.5 0.699 0.191967 -0.0073271 0.0611219 0.522734
0.5 0.7 0.193185 -0.00736792 0.0617735 0.523052
0.5 0.701 0.194408 -0.00740828 0.0624664 0.523376
0.5 0.702 0.195632 -0.00744829 0.0631593 0.523702
0.5 0.703 0.196857 -0.00748792 0.0638522 0.524029
0.5 0.704 0.198083 -0.00752718 0.0645451 0.524358
0.5 0.705 0.19931 -0.00756608 0.065238 0.524688
0.5 0.706 0.200538 -0.00760461 0.0659309 0.525019
0.5 0.707 0.201766 -0.00764277 0.0666238 0.525352
0.5 0.708 0.202996 -0.00768057 0.0673167 0.525686
0.5 0.709 0.204227 -0.007718 0.0680096 0.526021
0.5 0.71 0.205458 -0.00775506 0.0687026 0.526358
0.5 0.711 0.206691 -0.00779175 0.0693955 0.526696
0.5 0.712 0.207924 -0.00782808 0.0700884 0.527035
0.5 0.713 0.209159 -0.00786404 0.0707813 0.527376
0.5 0.714 0.210394 -0.00789963 0.0714742 0.527718
0.5 0.715 0.211631 -0.00793485 0.0721671 0.528062
0.5 0.716 0.212868 -0.00796971 0.07286 0.528406
0.5 0.717 0.214106 -0.0080042 0.0735529 0.528753
0.5 0.718 0.215346 -0.00803832 0.0742458 0.5291
0.5 0.719 0.216586 -0.00807207 0.0749387 0.529449
0.5 0.72 0.217827 -0.00810546 0.0756316 0.5298
0.5 0.721 0.219069 -0.00813847 0.0763245 0.530151
0.5 0.722 0.220312 -0.00817113 0.0770175 0.530504
0.5 0.723 0.221556 -0.00820341 0.0777104 0.530859
0.5 0.724 0.222802 -0.00823533 0.0784033 0.531214
0.5 0.725 0.224048 -0.00826687 0.0790962 0.531572
0.5 0.726 0.225295 -0.00829806 0.0797891 0.53193
0.5 0.727 0.226543 -0.00832887 0.080482 0.53229
0.5 0.728 0.227791 -0.00835932 0.0811749 0.532651
0.5 0.729 0.229041 -0.0083894 0.0818678 0.533014
0.5 0.73 0.230292 -0.00841911 0.0825607 0.533378
0.5 0.731 0.231544 -0.00844845 0.0832536 0.533743
0.5 0.732 0.232797 -0.00847743 0.0839465 0.53411
0.5 0.733 0.23405 -0.00850604 0.0846394 0.534478
0.5 0.734 0.235306 -0.00853897 0.0853594 0.534851
0.5 0.735 0.23656 -0.00857356 0.0860929 0.535226
0.5 0.736 0.237812 -0.0086074 0.0868263 0.535599
0.5 0.737 0.239062 -0.0086405 0.0875598 0.53597
0.5 0.738 0.240309 -0.00867285 0.0882933 0.53634
0.5 0.739 0.241555 -0.00870446 0.0890268 0.536709
0.5 0.74 0.242798 -0.00873531 0.0897603 0.537076
0.5 0.741 0.244038 -0.00876543 0.0904937 0.537441
0.5 0.742 0.245277 -0.00879479 0.0912272 0.537805
0.5 0.743 0.246513 -0.00882341 0.0919607 0.538167
0.5 0.744 0.247747 -0.00885129 0.0926942 0.538527
0.5 0.745 0.248979 -0.00887841 0.0934276 0.538886
0.5 0.746 0.250208 -0.00890479 0.0941611 0.539244
0.5 0.747 0.251436 -0.00893043 0.0948946 0.5396
0.5 0.748 0.252661 -0.00895532 0.0956281 0.539954
0.5 0.749 0.253884 -0.00897946 0.0963615 0.540307
0.5 0.75 0.255104 -0.00900285 0.097095 0.540658
0.5 0.751 0.256323 -0.0090255 0.0978285 0.541008
0.5 0.752 0.257539 -0.0090474 0.098562 0.541356
0.5 0.753 0.258753 -0.00906856 0.0992955 0.541703
0.5 0.754 0.259964 -0.00908897 0.100029 0.542048
0.5 0.755 0.261174 -0.00910863 0.100762 0.542391
0.5 0.756 0.262381 -0.00912755 0.101496 0.542733
0.5 0.757 0.263586 -0.00914572 0.102229 0.543074
0.5 0.758 0.264788 -0.00916315 0.102963 0.543412
0.5 0.759 0.265989 -0.00917983 0.103696 0.54375
0.5 0.76 0.267187 -0.00919576 0.10443 0.544085
0.5 0.761 0.268383 -0.00921094 0.105163 0.544419
0.5 0.762 0.269576 -0.00922538 0.105897 0.544752
0.5 0.763 0.270768 -0.00923907 0.10663 0.545083
0.5 0.764 0.271957 -0.00925202 0.107364 0.545412
0.5 0.765 0.273144 -0.00926422 0.108097 0.54574
0.5 0.766 0.274329 -0.00927568 0.108831 0.546066
0.5 0.767 0.275511 -0.00929275 0.109574 0.546394
0.5 0.768 0.276688 -0.00932161 0.110338 0.546723
0.5 0.769 0.277859 -0.00934941 0.111102 0.547044
0.5 0.77 0.279022 -0.00937614 0.111866 0.547357
0.5 0.771 0.280179 -0.00940181 0.112631 0.547663
0.5 0.772 0.281329 -0.00942642 0.113395 0.54796
0.5 0.773 0.282472 -0.00944996 0.114159 0.54825
0.5 0.774 0.283609 -0.00947244 0.114923 0.548533
0.5 0.775 0.284738 -0.00949386 0.115687 0.548808
0.5 0.776 0.285861 -0.00951421 0.116451 0.549074
0.5 0.777 0.286977 -0.0095335 0.117215 0.549334
0.5 0.778 0.288086 -0.00955172 0.117979 0.549585
0.5 0.779 0.289188 -0.00956888 0.118743 0.549829
0.5 0.78 0.290283 -0.00958498 0.119507 0.550065
0.5 0.781 0.291372 -0.00960002 0.120271 0.550294
0.5 0.782 0.292453 -0.00961399 0.121035 0.550514
0.5 0.783 0.293528 -0.0096269 0.121799 0.550727
0.5 0.784 0.294596 -0.00963874 0.122563 0.550933
0.5 0.785 0.295657 -0.00964952 0.123327 0.55113
0.5 0.786 0.296712 -0.00965924 0.124091 0.55132
0.5 0.787 0.297759 -0.0096679 0.124855 0.551502
0.5 0.788 0.2988 -0.00967549 0.125619 0.551677
0.5 0.789 0.299834 -0.00968202 0.126383 0.551844
0.5 0.79 0.300861 -0.00968748 0.127147 0.552003
0.5 0.791 0.301881 -0.00969188 0.127911 0.552154
0.5 0.792 0.302894 -0.00969522 0.128675 0.552298
0.5 0.793 0.303901 -0.00969749 0.12944 0.552434
0.5 0.794 0.304901 -0.0096987 0.130204 0.552562
0.5 0.795 0.305893 -0.00969885 0.130968 0.552683
0.5 0.796 0.306879 -0.00969793 0.131732 0.552795
0.5 0.797 0.307859 -0.00969595 0.132496 0.552901
0.5 0.798 0.308831 -0.00969291 0.13326 0.552998
0.5 0.799 0.309797 -0.00968881 0.134024 0.553088
0.5 0.8 0.310755 -0.00968364 0.134788 0.55317
0.5 0.801 0.311704 -0.00971289 0.135558 0.553249
0.5 0.802 0.312641 -0.00974085 0.136329 0.553309
0.5 0.803 0.313565 -0.00976751 0.137099 0.553352
0.5 0.804 0.314477 -0.00979286 0.13787 0.553376
0.5 0.805 0.315377 -0.00981692 0.138641 0.553382
0.5 0.806 0.316265 -0.00983967 0.139411 0.55337
0.5 0.807 0.317141 -0.00986113 0.140182 0.55334
0.5 0.808 0.318005 -0.00988128 0.140952 0.553291
0.5 0.809 0.318856 -0.00990013 0.141723 0.553224
0.5 0.81 0.319696 -0.00991768 0.142493 0.553139
0.5 0.811 0.320523 -0.00993393 0.143264 0.553036
0.5 0.812 0.321338 -0.00994888 0.144034 0.552914
0.5 0.813 0.322141 -0.00996253 0.144805 0.552775
0.5 0.814 0.322932 -0.00997487 0.145575 0.552617
0.5 0.815 0.323711 -0.00998592 0.146346 0.552441
0.5 0.816 0.324477 -0.00999566 0.147116 0.552246
0.5 0.817 0.325232 -0.0100041 0.147887 0.552034
0.5 0.818 0.325974 -0.0100113 0.148657 0.551803
0.5 0.819 0.326704 -0.0100171 0.149428 0.551554
0.5 0.82 0.327422 -0.0100216 0.150199 0.551287
0.5 0.821 0.328128 -0.0100249 0.150969 0.551001
0.5 0.822 0.328822 -0.0100268 0.15174 0.550698
0.5 0.823 0.329503 -0.0100275 0.15251 0.550376
0.5 0.824 0.330173 -0.0100268 0.153281 0.550036
0.5 0.825 0.33083 -0.0100248 0.154051 0.549677
0.5 0.826 0.331475 -0.0100216 0.154822 0.549301
0.5 0.827 0.332108 -0.010017 0.155592 0.548906
0.5 0.828 0.332729 -0.0100111 0.156363 0.548493
0.5 0.829 0.333338 -0.010004 0.157133 0.548062
0.5 0.83 0.333934 -0.0099955 0.157904 0.547613
0.5 0.831 0.334519 -0.00998573 0.158674 0.547145
0.5 0.832 0.335091 -0.00997466 0.159445 0.546659
0.5 0.833 0.335651 -0.00996229 0.160216 0.546155
0.5 0.834 0.336199 -0.00998456 0.160963 0.545627
0.5 0.835 0.336731 -0.0100231 0.161698 0.545068
0.5 0.836 0.337244 -0.01006 0.162433 0.544476
0.5 0.837 0.337739 -0.0100951 0.163169 0.543853
0.5 0.838 0.338217 -0.0101284 0.163904 0.543199
0.5 0.839 0.338676 -0.01016 0.16464 0.542512
0.5 0.84 0.339118 -0.0101899 0.165375 0.541794
0.5 0.841 0.339541 -0.010218 0.16611 0.541044
0.5 0.842 0.339947 -0.0102444 0.166846 0.540263
0.5 0.843 0.340334 -0.010269 0.167581 0.53945
0.5 0.844 0.340704 -0.0102919 0.168317 0.538605
0.5 0.845 0.341056 -0.0103131 0.169052 0.537728
0.5 0.846 0.34139 -0.0103325 0.169787 0.53682
0.5 0.847 0.341705 -0.0103502 0.170523 0.53588
0.5 0.848 0.342003 -0.0103661 0.171258 0.534909
0.5 0.849 0.342283 -0.0103803 0.171994 0.533905
0.5 0.85 0.342545 -0.0103927 0.172729 0.532871
0.5 0.851 0.342789 -0.0104034 0.173464 0.531804
0.5 0.852 0.343015 -0.0104124 0.1742 0.530706
0.5 0.853 0.343223 -0.0104196 0.174935 0.529576
0.5 0.854 0.343413 -0.0104251 0.175671 0.528414
0.5 0.855 0.343586 -0.0104288 0.176406 0.52722
0.5 0.856 0.34374 -0.0104308 0.177141 0.525995
0.5 0.857 0.343876 -0.0104311 0.177877 0.524739
0.5 0.858 0.343995 -0.0104296 0.178612 0.52345
0.5 0.859 0.344095 -0.0104263 0.179348 0.52213
0.5 0.86 0.344177 -0.0104214 0.180083 0.520778
0.5 0.861 0.344242 -0.0104146 0.180818 0.519395
0.5 0.862 0.344288 -0.0104062 0.181554 0.517979
0.5 0.863 0.344317 -0.010396 0.182289 0.516533
0.5 0.864 0.344327 -0.010384 0.183025 0.515054
0.5 0.865 0.34432 -0.0103704 0.18376 0.513544
0.5 0.866 0.344295 -0.0103549 0.184495 0.512002
0.5 0.867 0.344255 -0.0103596 0.1852 0.510417
0.5 0.868 0.344197 -0.0104054 0.185841 0.508773
0.5 0.869 0.344113 -0.0104484 0.186483 0.507087
0.5 0.87 0.344003 -0.0104886 0.187125 0.505361
0.5 0.871 0.343867 -0.0105261 0.187767 0.503594
0.5 0.872 0.343705 -0.0105607 0.188408 0.501786
0.5 0.873 0.343516 -0.0105925 0.18905 0.499936
0.5 0.874 0.343301 -0.0106216 0.189692 0.498046
0.5 0.875 0.343061 -0.0106479 0.190334 0.496115
0.5 0.876 0.342793 -0.0106714 0.190975 0.494143
0.5 0.877 0.3425 -0.010692 0.191617 0.49213
0.5 0.878 0.34218 -0.0107099 0.192259 0.490075
0.5 0.879 0.341835 -0.0107251 0.192901 0.48798
0.5 0.88 0.341463 -0.0107374 0.193543 0.485844
0.5 0.881 0.341064 -0.0107469 0.194184 0.483667
0.5 0.882 0.34064 -0.0107536 0.194826 0.481449
0.5 0.883 0.340189 -0.0107576 0.195468 0.47919
0.5 0.884 0.339712 -0.0107587 0.19611 0.476891
0.5 0.885 0.339209 -0.0107571 0.196751 0.47455
0.5 0.886 0.33868 -0.0107527 0.197393 0.472168
0.5 0.887 0.338125 -0.0107455 0.198035 0.469745
0.5 0.888 0.337543 -0.0107355 0.198677 0.467281
0.5 0.889 0.336935 -0.0107227 0.199319 0.464777
0.5 0.89 0.336301 -0.0107071 0.19996 0.462231
0.5 0.891 0.335641 -0.0106887 0.200602 0.459644
0.5 0.892 0.334954 -0.0106675 0.201244 0.457016
0.5 0.893 0.334242 -0.0106436 0.201886 0.454348
0.5 0.894 0.333503 -0.0106168 0.202527 0.451638
0.5 0.895 0.332738 -0.0105873 0.203169 0.448888
0.5 0.896 0.331947 -0.010555 0.203811 0.446096
0.5 0.897 0.331129 -0.0105198 0.204453 0.443264
0.5 0.898 0.330285 -0.0104819 0.205094 0.44039
0.5 0.899 0.329415 -0.0104412 0.205736 0.437476
0.5 0.9 0.328519 -0.0103977 0.206378 0.43452
0.5 0.901 0.327599 -0.0104026 0.206861 0.43148
0.5 0.902 0.326638 -0.0104037 0.207345 0.428404
0.5 0.903 0.325638 -0.010401 0.207828 0.425291
0.5 0.904 0.324598 -0.0103946 0.208312 0.422142
0.5 0.905 0.323519 -0.0103844 0.208795 0.418957
0.5 0.906 0.322399 -0.0103704 0.209278 0.415735
0.5 0.907 0.32124 -0.0103527 0.209762 0.412478
0.5 0.908 0.320041 -0.0103312 0.210245 0.409184
0.5 0.909 0.318803 -0.0103059 0.210728 0.405854
0.5 0.91 0.317525 -0.0102769 0.211212 0.402488
0.5 0.911 0.316207 -0.0102442 0.211695 0.399086
0.5 0.912 0.314849 -0.0102076 0.212179 0.395647
0.5 0.913 0.313452 -0.0101673 0.212662 0.392172
0.5 0.914 0.312015 -0.0101233 0.213145 0.388661
0.5 0.915 0.310538 -0.0100755 0.213629 0.385114
0.5 0.916 0.309021 -0.0100239 0.214112 0.38153
0.5 0.917 0.307465 -0.00996853 0.214596 0.377911
0.5 0.918 0.305869 -0.00990942 0.215079 0.374255
0.5 0.919 0.304233 -0.00984656 0.215562 0.370563
0.5 0.92 0.302557 -0.00977993 0.216046 0.366834
0.5 0.921 0.300842 -0.00970953 0.216529 0.36307
0.5 0.922 0.299087 -0.00963538 0.217013 0.359269
0.5 0.923 0.297293 -0.00955746 0.217496 0.355432
0.5 0.924 0.295458 -0.00947578 0.217979 0.351559
0.5 0.925 0.293584 -0.00939034 0.218463 0.34765
0.5 0.926 0.29167 -0.00930114 0.218946 0.343704
0.5 0.927 0.289717 -0.00920817 0.219429 0.339722
0.5 0.928 0.287723 -0.00911145 0.219913 0.335704
0.5 0.929 0.28569 -0.00901096 0.220396 0.33165
0.5 0.93 0.283618 -0.00890671 0.22088 0.327559
0.5 0.931 0.281505 -0.00879869 0.221363 0.323433
0.5 0.932 0.279353 -0.00868692 0.221846 0.31927
0.5 0.933 0.277161 -0.00857138 0.22233 0.315071
0.5 0.934 0.274911 -0.00845491 0.222677 0.31083
0.5 0.935 0.272599 -0.00833791 0.222955 0.306564
0.5 0.936 0.270233 -0.00821932 0.223233 0.302281
0.5 0.937 0.267812 -0.00809915 0.223512 0.297979
0.5 0.938 0.265336 -0.0079774 0.22379 0.293659
0.5 0.939 0.262805 -0.00785406 0.224069 0.289321
0.5 0.94 0.26022 -0.00772915 0.224347 0.284965
0.5 0.941 0.25758 -0.00760265 0.224625 0.280591
0.5 0.942 0.254886 -0.00747457 0.224904 0.276198
0.5 0.943 0.252137 -0.0073449 0.225182 0.271787
0.5 0.944 0.249333 -0.00721365 0.225461 0.267358
0.5 0.945 0.246474 -0.00708083 0.225739 0.262911
0.5 0.946 0.243561 -0.00694641 0.226018 0.258445
0.5 0.947 0.240593 -0.00681042 0.226296 0.253962
0.5 0.948 0.23757 -0.00667285 0.226574 0.24946
0.5 0.949 0.234493 -0.00653369 0.226853 0.24494
0.5 0.95 0.231361 -0.00639295 0.227131 0.240401
0.5 0.951 0.228174 -0.00625062 0.22741 0.235845
0.5 0.952 0.224933 -0.00610672 0.227688 0.23127
0.5 0.953 0.221636 -0.00596123 0.227966 0.226677
0.5 0.954 0.218286 -0.00581416 0.228245 0.222066
0.5 0.955 0.21488 -0.00566551 0.228523 0.217437
0.5 0.956 0.21142 -0.00551527 0.228802 0.212789
0.5 0.957 0.207905 -0.00536345 0.22908 0.208124
0.5 0.958 0.204335 -0.00521005 0.229358 0.20344
0.5 0.959 0.200711 -0.00505507 0.229637 0.198738
0.5 0.96 0.197032 -0.0048985 0.229915 0.194017
0.5 0.961 0.193298 -0.00474036 0.230194 0.189279
0.5 0.962 0.18951 -0.00458063 0.230472 0.184522
0.5 0.963 0.185667 -0.00441931 0.230751 0.179747
0.5 0.964 0.181769 -0.00425642 0.231029 0.174954
0.5 0.965 0.177816 -0.00409194 0.231307 0.170143
0.5 0.966 0.173809 -0.00392588 0.231586 0.165313
0.5 0.967 0.169735 -0.0037455 0.231795 0.160477
0.5 0.968 0.165578 -0.00354281 0.231864 0.155657
0.5 0.969 0.16136 -0.00334569 0.231934 0.150834
0.5 0.97 0.157079 -0.00315415 0.232004 0.146009
0.5 0.971 0.152737 -0.00296818 0.232073 0.141181
0.5 0.972 0.148334 -0.00278779 0.232143 0.13635
0.5 0.973 0.143869 -0.00261297 0.232213 0.131516
0.5 0.974 0.139342 -0.00244373 0.232283 0.12668
0.5 0.975 0.134753 -0.00228006 0.232352 0.121841
0.5 0.976 0.130103 -0.00212197 0.232422 0.117
0.5 0.977 0.125391 -0.00196945 0.232492 0.112156
0.5 0.978 0.120617 -0.0018225 0.232561 0.107309
0.5 0.979 0.115782 -0.00168113 0.232631 0.102459
0.5 0.98 0.110885 -0.00154533 0.232701 0.0976071
0.5 0.981 0.105927 -0.00141511 0.23277 0.0927522
0.5 0.982 0.100907 -0.00129046 0.23284 0.0878946
0.5 0.983 0.0958247 -0.00117139 0.23291 0.0830344
0.5 0.984 0.0906812 -0.00105789 0.232979 0.0781714
0.5 0.985 0.085476 -0.00094996 0.233049 0.0733058
0.5 0.986 0.0802092 -0.000847609 0.233119 0.0684375
0.5 0.987 0.0748808 -0.000750832 0.233189 0.0635665
0.5 0.988 0.0694906 -0.00065963 0.233258 0.0586929
0.5 0.989 0.0640389 -0.000574001 0.233328 0.0538165
0.5 0.99 0.0585254 -0.000493948 0.233398 0.0489375
0.5 0.991 0.0529503 -0.000419468 0.233467 0.0440558
0.5 0.992 0.0473136 -0.000350563 0.233537 0.0391714
0.5 0.993 0.0416152 -0.000287233 0.233607 0.0342844
0.5 0.994 0.0358551 -0.000229476 0.233676 0.0293947
0.5 0.995 0.0300334 -0.000177294 0.233746 0.0245022
0.5 0.996 0.02415 -0.000130687 0.233816 0.0196072
0.5 0.997 0.018205 -8.96535e-05 0.233886 0.0147094
0.5 0.998 0.0121983 -5.41947e-05 0.233955 0.00980893
0.5 0.999 0.00613 -2.43102e-05 0.234025 0.00490581
0.5 1 1.81979e-34 2.59393e-33 0.234095 2.03425e-34
