0.5 0 -2.91212e-34 3.21888e-33 -0.289386 1
0.5 0.001 -0.00309833 2.0796e-06 -0.28843 0.997442
0.5 0.002 -0.00617321 4.11571e-06 -0.287473 0.994884
0.5 0.003 -0.00922463 6.10834e-06 -0.286517 0.992326
0.5 0.004 -0.0122526 8.05748e-06 -0.285561 0.989769
0.5 0.005 -0.0152571 9.96314e-06 -0.284605 0.987211
0.5 0.006 -0.0182382 1.18253e-05 -0.283649 0.984654
0.5 0.007 -0.0211958 1.3644e-05 -0.282693 0.982097
0.5 0.008 -0.0241299 1.54192e-05 -0.281737 0.97954
0.5 0.009 -0.0270406 1.71509e-05 -0.280781 0.976983
0.5 0.01 -0.0299279 1.88392e-05 -0.279825 0.974426
0.5 0.011 -0.0327916 2.04839e-05 -0.278869 0.971869
0.5 0.012 -0.035632 2.20852e-05 -0.277913 0.969313
0.5 0.013 -0.0384488 2.36429e-05 -0.276956 0.966756
0.5 0.014 -0.0412423 2.51572e-05 -0.276 0.9642
0.5 0.015 -0.0440122 2.6628e-05 -0.275044 0.961644
0.5 0.016 -0.0467588 2.80554e-05 -0.274088 0.959088
0.5 0.017 -0.0494818 2.94392e-05 -0.273132 0.956532
0.5 0.018 -0.0521814 3.07796e-05 -0.272176 0.953976
0.5 0.019 -0.0548576 3.20764e-05 -0.27122 0.95142
0.5 0.02 -0.0575103 3.33298e-05 -0.270264 0.948865
0.5 0.021 -0.0601395 3.45397e-05 -0.269308 0.946309
0.5 0.022 -0.0627453 3.57061e-05 -0.268352 0.943754
0.5 0.023 -0.0653276 3.6829e-05 -0.267395 0.941199
0.5 0.024 -0.0678865 3.79085e-05 -0.266439 0.938644
0.5 0.025 -0.0704219 3.89444e-05 -0.265483 0.936089
0.5 0.026 -0.0729339 3.99369e-05 -0.264527 0.933534
0.5 0.027 -0.0754224 4.08859e-05 -0.263571 0.93098
0.5 0.028 -0.0778875 4.17914e-05 -0.262615 0.928425
0.5 0.029 -0.0803291 4.26534e-05 -0.261659 0.925871
0.5 0.03 -0.0827472 4.3472e-05 -0.260703 0.923317
0.5 0.031 -0.0851419 4.4247e-05 -0.259747 0.920763
0.5 0.032 -0.0875132 4.49786e-05 -0.258791 0.918209
0.5 0.033 -0.089861 4.56666e-05 -0.257835 0.915655
0.5 0.034 -0.0921851 4.37246e-05 -0.256945 0.913099
0.5 0.035 -0.0944886 3.98828e-05 -0.256088 0.910543
0.5 0.036 -0.0967721 3.5322e-05 -0.255232 0.907989
0.5 0.037 -0.0990356 3.0042e-05 -0.254375 0.905436
0.5 0.038 -0.101279 2.4043e-05 -0.253519 0.902885
0.5 0.039 -0.103503 1.73249e-05 -0.252662 0.900336
0.5 0.04 -0.105706 9.88769e-06 -0.251806 0.897788
0.5 0.041 -0.10789 1.73143e-06 -0.250949 0.895241
0.5 0.042 -0.110053 -7.1439e-06 -0.250093 0.892697
0.5 0.043 -0.112197 -1.67383e-05 -0.249236 0.890154
0.5 0.044 -0.11432 -2.70518e-05 -0.248379 0.887612
0.5 0.045 -0.116424 -3.80844e-05 -0.247523 0.885072
0.5 0.046 -0.118508 -4.9836e-05 -0.246666 0.882533
0.5 0.047 -0.120571 -6.23067e-05 -0.24581 0.879996
0.5 0.048 -0.122615 -7.54965e-05 -0.244953 0.877461
0.5 0.049 -0.124639 -8.94054e-05 -0.244097 0.874927
0.5 0.05 -0.126642 -0.000104033 -0.24324 0.872395
0.5 0.051 -0.128626 -0.00011938 -0.242384 0.869864
0.5 0.052 -0.13059 -0.000135446 -0.241527 0.867335
0.5 0.053 -0.132533 -0.000152232 -0.240671 0.864808
0.5 0.054 -0.134457 -0.000169736 -0.239814 0.862282
0.5 0.055 -0.136361 -0.000187959 -0.238958 0.859758
0.5 0.056 -0.138244 -0.000206902 -0.238101 0.857235
0.5 0.057 -0.140108 -0.000226563 -0.237245 0.854714
0.5 0.058 -0.141952 -0.000246944 -0.236388 0.852194
0.5 0.059 -0.143775 -0.000268043 -0.235531 0.849676
0.5 0.06 -0.145579 -0.000289862 -0.234675 0.84716
0.5 0.061 -0.147363 -0.0003124 -0.233818 0.844645
0.5 0.062 -0.149127 -0.000335657 -0.232962 0.842131
0.5 0.063 -0.150871 -0.000359632 -0.232105 0.83962
0.5 0.064 -0.152594 -0.000384327 -0.231249 0.837109
0.5 0.065 -0.154298 -0.000409742 -0.230392 0.834601
0.5 0.066 -0.155982 -0.000435875 -0.229536 0.832094
0.5 0.067 -0.157646 -0.000463736 -0.228715 0.829588
0.5 0.068 -0.159291 -0.000494446 -0.227964 0.827084
0.5 0.069 -0.160919 -0.000526039 -0.227213 0.824584
0.5 0.07 -0.162531 -0.000558517 -0.226462 0.822088
0.5 0.071 -0.164126 -0.000591878 -0.225712 0.819597
0.5 0.072 -0.165704 -0.000626123 -0.224961 0.817109
0.5 0.073 -0.167266 -0.000661252 -0.22421 0.814626
0.5 0.074 -0.168811 -0.000697265 -0.223459 0.812147
0.5 0.075 -0.170339 -0.000734162 -0.222709 0.809672
0.5 0.076 -0.17185 -0.000771943 -0.221958 0.807202
0.5 0.077 -0.173345 -0.000810608 -0.221207 0.804735
0.5 0.078 -0.174823 -0.000850157 -0.220457 0.802273
0.5 0.079 -0.176284 -0.000890589 -0.219706 0.799815
0.5 0.08 -0.177729 -0.000931906 -0.218955 0.797361
0.5 0.081 -0.179156 -0.000974106 -0.218204 0.794911
0.5 0.082 -0.180567 -0.00101719 -0.217454 0.792465
0.5 0.083 -0.181962 -0.00106116 -0.216703 0.790024
0.5 0.084 -0.183339 -0.00110601 -0.215952 0.787586
0.5 0.085 -0.1847 -0.00115175 -0.215202 0.785153
0.5 0.086 -0.186044 -0.00119837 -0.214451 0.782724
0.5 0.087 -0.187372 -0.00124587 -0.2137 0.780299
0.5 0.088 -0.188682 -0.00129426 -0.212949 0.777879
0.5 0.089 -0.189976 -0.00134353 -0.212199 0.775462
0.5 0.09 -0.191253 -0.00139369 -0.211448 0.77305
0.5 0.091 -0.192514 -0.00144473 -0.210697 0.770642
0.5 0.092 -0.193758 -0.00149665 -0.209947 0.768238
0.5 0.093 -0.194985 -0.00154946 -0.209196 0.765838
0.5 0.094 -0.196195 -0.00160315 -0.208445 0.763442
0.5 0.095 -0.197388 -0.00165773 -0.207694 0.761051
0.5 0.096 -0.198565 -0.00171319 -0.206944 0.758663
0.5 0.097 -0.199725 -0.00176953 -0.206193 0.75628
0.5 0.098 -0.200869 -0.00182676 -0.205442 0.753901
0.5 0.099 -0.201995 -0.00188487 -0.204692 0.751527
0.5 0.1 -0.203105 -0.00194386 -0.203941 0.749156
0.5 0.101 -0.2042 -0.00200403 -0.203298 0.746791
0.5 0.102 -0.20528 -0.00206488 -0.202654 0.744433
0.5 0.103 -0.206347 -0.00212639 -0.202011 0.742082
0.5 0.104 -0.207401 -0.00218857 -0.201368 0.739738
0.5 0.105 -0.20844 -0.00225142 -0.200725 0.737401
0.5 0.106 -0.209466 -0.00231494 -0.200081 0.735072
0.5 0.107 -0.210478 -0.00237913 -0.199438 0.732749
0.5 0.108 -0.211476 -0.00244398 -0.198795 0.730434
0.5 0.109 -0.212461 -0.00250951 -0.198152 0.728126
0.5 0.11 -0.213432 -0.00257571 -0.197509 0.725825
0.5 0.111 -0.214389 -0.00264258 -0.196865 0.723531
0.5 0.112 -0.215332 -0.00271011 -0.196222 0.721244
0.5 0.113 -0.216262 -0.00277832 -0.195579 0.718965
0.5 0.114 -0.217178 -0.00284719 -0.194936 0.716692
0.5 0.115 -0.21808 -0.00291674 -0.194293 0.714427
0.5 0.116 -0.218969 -0.00298695 -0.193649 0.712169
0.5 0.117 -0.219843 -0.00305783 -0.193006 0.709918
0.5 0.118 -0.220704 -0.00312938 -0.192363 0.707674
0.5 0.119 -0.221552 -0.00320161 -0.19172 0.705437
0.5 0.12 -0.222385 -0.0032745 -0.191076 0.703207
0.5 0.121 -0.223205 -0.00334806 -0.190433 0.700984
0.5 0.122 -0.224011 -0.00342229 -0.18979 0.698769
0.5 0.123 -0.224803 -0.00349719 -0.189147 0.696561
0.5 0.124 -0.225582 -0.00357275 -0.188504 0.694359
0.5 0.125 -0.226347 -0.00364899 -0.18786 0.692165
0.5 0.126 -0.227098 -0.0037259 -0.187217 0.689978
0.5 0.127 -0.227835 -0.00380348 -0.186574 0.687799
0.5 0.128 -0.228559 -0.00388172 -0.185931 0.685626
0.5 0.129 -0.229269 -0.00396064 -0.185287 0.68346
0.5 0.13 -0.229965 -0.00404022 -0.184644 0.681302
0.5 0.131 -0.230647 -0.00412048 -0.184001 0.67915
0.5 0.132 -0.231316 -0.0042014 -0.183358 0.677006
0.5 0.133 -0.231971 -0.00428299 -0.182715 0.674869
0.5 0.134 -0.232613 -0.00436337 -0.182139 0.672741
0.5 0.135 -0.233245 -0.00444312 -0.181598 0.670623
0.5 0.136 -0.233865 -0.00452313 -0.181056 0.668515
0.5 0.137 -0.234474 -0.00460341 -0.180515 0.666416
0.5 0.138 -0.235072 -0.00468394 -0.179973 0.664327
0.5 0.139 -0.235658 -0.00476474 -0.179432 0.662248
0.5 0.14 -0.236234 -0.00484579 -0.17889 0.660178
0.5 0.141 -0.236798 -0.00492711 -0.178349 0.658118
0.5 0.142 -0.237351 -0.00500868 -0.177807 0.656068
0.5 0.143 -0.237893 -0.00509052 -0.177266 0.654027
0.5 0.144 -0.238423 -0.00517262 -0.176724 0.651996
0.5 0.145 -0.238942 -0.00525497 -0.176183 0.649975
0.5 0.146 -0.239451 -0.00533759 -0.175642 0.647963
0.5 0.147 -0.239948 -0.00542047 -0.1751 0.645961
0.5 0.148 -0.240433 -0.00550361 -0.174559 0.643968
0.5 0.149 -0.240908 -0.00558701 -0.174017 0.641986
0.5 0.15 -0.241371 -0.00567066 -0.173476 0.640013
0.5 0.151 -0.241823 -0.00575458 -0.172934 0.638049
0.5 0.152 -0.242264 -0.00583876 -0.172393 0.636095
0.5 0.153 -0.242694 -0.0059232 -0.171851 0.634151
0.5 0.154 -0.243112 -0.0060079 -0.17131 0.632217
0.5 0.155 -0.24352 -0.00609287 -0.170768 0.630292
0.5 0.156 -0.243916 -0.00617809 -0.170227 0.628377
0.5 0.157 -0.244301 -0.00626357 -0.169685 0.626472
0.5 0.158 -0.244674 -0.00634931 -0.169144 0.624576
0.5 0.159 -0.245037 -0.00643531 -0.168602 0.62269
0.5 0.16 -0.245388 -0.00652158 -0.168061 0.620813
0.5 0.161 -0.245728 -0.0066081 -0.167519 0.618947
0.5 0.162 -0.246057 -0.00669488 -0.166978 0.61709
0.5 0.163 -0.246375 -0.00678193 -0.166437 0.615242
0.5 0.164 -0.246681 -0.00686923 -0.165895 0.613404
0.5 0.165 -0.246976 -0.0069568 -0.165354 0.611576
0.5 0.166 -0.247261 -0.00704462 -0.164812 0.609758
0.5 0.167 -0.247534 -0.00713091 -0.1643 0.60795
0.5 0.168 -0.247799 -0.00721358 -0.163848 0.606155
0.5 0.169 -0.248054 -0.00729609 -0.163395 0.604372
0.5 0.17 -0.248301 -0.00737844 -0.162943 0.6026
0.5 0.171 -0.248538 -0.00746062 -0.16249 0.600839
0.5 0.172 -0.248765 -0.00754264 -0.162038 0.599089
0.5 0.173 -0.248984 -0.00762449 -0.161586 0.59735
0.5 0.174 -0.249193 -0.00770618 -0.161133 0.595622
0.5 0.175 -0.249393 -0.00778771 -0.160681 0.593906
0.5 0.176 -0.249584 -0.00786907 -0.160228 0.592201
0.5 0.177 -0.249766 -0.00795027 -0.159776 0.590507
0.5 0.178 -0.249938 -0.0080313 -0.159323 0.588825
0.5 0.179 -0.250101 -0.00811217 -0.158871 0.587153
0.5 0.18 -0.250255 -0.00819288 -0.158418 0.585493
0.5 0.181 -0.2504 -0.00827342 -0.157966 0.583844
0.5 0.182 -0.250535 -0.0083538 -0.157513 0.582206
0.5 0.183 -0.250661 -0.00843401 -0.157061 0.58058
0.5 0.184 -0.250778 -0.00851407 -0.156608 0.578964
0.5 0.185 -0.250886 -0.00859395 -0.156156 0.57736
0.5 0.186 -0.250984 -0.00867368 -0.155704 0.575767
0.5 0.187 -0.251073 -0.00875324 -0.155251 0.574185
0.5 0.188 -0.251153 -0.00883263 -0.154799 0.572614
0.5 0.189 -0.251223 -0.00891186 -0.154346 0.571055
0.5 0.19 -0.251285 -0.00899093 -0.153894 0.569507
0.5 0.191 -0.251337 -0.00906984 -0.153441 0.56797
0.5 0.192 -0.25138 -0.00914858 -0.152989 0.566444
0.5 0.193 -0.251413 -0.00922715 -0.152536 0.56493
0.5 0.194 -0.251438 -0.00930557 -0.152084 0.563426
0.5 0.195 -0.251453 -0.00938382 -0.151631 0.561934
0.5 0.196 -0.251459 -0.0094619 -0.151179 0.560453
0.5 0.197 -0.251456 -0.00953982 -0.150726 0.558983
0.5 0.198 -0.251443 -0.00961758 -0.150274 0.557525
0.5 0.199 -0.251421 -0.00969517 -0.149821 0.556077
0.5 0.2 -0.25139 -0.0097726 -0.149369 0.554641
0.5 0.201 -0.251352 -0.00984269 -0.148988 0.55322
0.5 0.202 -0.251306 -0.0099123 -0.148606 0.55181
0.5 0.203 -0.251252 -0.00998142 -0.148225 0.550412
0.5 0.204 -0.251191 -0.0100501 -0.147844 0.549025
0.5 0.205 -0.251121 -0.0101182 -0.147462 0.54765
0.5 0.206 -0.251044 -0.0101859 -0.147081 0.546287
0.5 0.207 -0.250959 -0.0102531 -0.1467 0.544935
0.5 0.208 -0.250867 -0.0103198 -0.146318 0.543595
0.5 0.209 -0.250766 -0.010386 -0.145937 0.542266
0.5 0.21 -0.250658 -0.0104517 -0.145556 0.540948
0.5 0.211 -0.250542 -0.0105169 -0.145175 0.539643
0.5 0.212 -0.250418 -0.0105817 -0.144793 0.538348
0.5 0.213 -0.250286 -0.010646 -0.144412 0.537066
0.5 0.214 -0.250147 -0.0107098 -0.144031 0.535795
0.5 0.215 -0.249999 -0.0107731 -0.143649 0.534535
0.5 0.216 -0.249844 -0.0108359 -0.143268 0.533287
0.5 0.217 -0.249681 -0.0108982 -0.142887 0.532051
0.5 0.218 -0.249511 -0.0109601 -0.142505 0.530826
0.5 0.219 -0.249332 -0.0110214 -0.142124 0.529613
0.5 0.22 -0.249146 -0.0110823 -0.141743 0.528411
0.5 0.221 -0.248952 -0.0111427 -0.141361 0.527221
0.5 0.222 -0.24875 -0.0112026 -0.14098 0.526042
0.5 0.223 -0.24854 -0.0112621 -0.140599 0.524875
0.5 0.224 -0.248322 -0.011321 -0.140217 0.52372
0.5 0.225 -0.248097 -0.0113795 -0.139836 0.522576
0.5 0.226 -0.247864 -0.0114375 -0.139455 0.521443
0.5 0.227 -0.247623 -0.0114949 -0.139073 0.520322
0.5 0.228 -0.247374 -0.011552 -0.138692 0.519213
0.5 0.229 -0.247118 -0.0116085 -0.138311 0.518115
0.5 0.23 -0.246853 -0.0116645 -0.13793 0.517029
0.5 0.231 -0.246581 -0.0117201 -0.137548 0.515955
0.5 0.232 -0.246301 -0.0117751 -0.137167 0.514891
0.5 0.233 -0.246014 -0.0118297 -0.136786 0.51384
0.5 0.234 -0.245719 -0.0118786 -0.136438 0.512802
0.5 0.235 -0.245418 -0.0119243 -0.136107 0.511776
0.5 0.236 -0.245111 -0.0119693 -0.135776 0.51076
0.5 0.237 -0.244796 -0.0120136 -0.135445 0.509756
0.5 0.238 -0.244475 -0.0120573 -0.135114 0.508762
0.5 0.239 -0.244148 -0.0121004 -0.134783 0.507779
0.5 0.24 -0.243813 -0.0121428 -0.134452 0.506807
0.5 0.241 -0.243472 -0.0121845 -0.134122 0.505846
0.5 0.242 -0.243124 -0.0122256 -0.133791 0.504896
0.5 0.243 -0.24277 -0.012266 -0.13346 0.503956
0.5 0.244 -0.242409 -0.0123058 -0.133129 0.503028
0.5 0.245 -0.242041 -0.0123449 -0.132798 0.50211
0.5 0.246 -0.241666 -0.0123834 -0.132467 0.501203
0.5 0.247 -0.241285 -0.0124212 -0.132136 0.500307
0.5 0.248 -0.240897 -0.0124583 -0.131805 0.499422
0.5 0.249 -0.240502 -0.0124948 -0.131474 0.498547
0.5 0.25 -0.2401 -0.0125307 -0.131144 0.497684
0.5 0.251 -0.239692 -0.0125659 -0.130813 0.496831
0.5 0.252 -0.239277 -0.0126004 -0.130482 0.49599
0.5 0.253 -0.238856 -0.0126343 -0.130151 0.495159
0.5 0.254 -0.238428 -0.0126675 -0.12982 0.494339
0.5 0.255 -0.237993 -0.0127001 -0.129489 0.49353
0.5 0.256 -0.237551 -0.012732 -0.129158 0.492731
0.5 0.257 -0.237103 -0.0127633 -0.128827 0.491944
0.5 0.258 -0.236647 -0.0127939 -0.128496 0.491167
0.5 0.259 -0.236186 -0.0128238 -0.128165 0.490401
0.5 0.26 -0.235717 -0.0128531 -0.127835 0.489646
0.5 0.261 -0.235242 -0.0128818 -0.127504 0.488902
0.5 0.262 -0.23476 -0.0129098 -0.127173 0.488169
0.5 0.263 -0.234272 -0.0129371 -0.126842 0.487447
0.5 0.264 -0.233776 -0.0129638 -0.126511 0.486735
0.5 0.265 -0.233274 -0.0129898 -0.12618 0.486035
0.5 0.266 -0.232765 -0.0130152 -0.125849 0.485345
0.5 0.267 -0.23225 -0.0130373 -0.125528 0.484667
0.5 0.268 -0.23173 -0.0130536 -0.125226 0.483999
0.5 0.269 -0.231203 -0.0130693 -0.124924 0.483342
0.5 0.27 -0.230671 -0.0130843 -0.124622 0.482693
0.5 0.271 -0.230133 -0.0130986 -0.12432 0.482054
0.5 0.272 -0.22959 -0.0131122 -0.124018 0.481425
0.5 0.273 -0.22904 -0.0131251 -0.123716 0.480805
0.5 0.274 -0.228485 -0.0131373 -0.123414 0.480194
0.5 0.275 -0.227924 -0.0131489 -0.123112 0.479593
0.5 0.276 -0.227357 -0.0131597 -0.12281 0.479002
0.5 0.277 -0.226784 -0.0131699 -0.122508 0.478419
0.5 0.278 -0.226206 -0.0131794 -0.122206 0.477847
0.5 0.279 -0.225622 -0.0131883 -0.121904 0.477283
0.5 0.28 -0.225032 -0.0131964 -0.121602 0.476729
0.5 0.281 -0.224436 -0.0132039 -0.1213 0.476185
0.5 0.282 -0.223834 -0.0132106 -0.120998 0.47565
0.5 0.283 -0.223227 -0.0132167 -0.120696 0.475124
0.5 0.284 -0.222614 -0.0132221 -0.120394 0.474608
0.5 0.285 -0.221995 -0.0132268 -0.120092 0.474101
0.5 0.286 -0.221371 -0.0132309 -0.11979 0.473604
0.5 0.287 -0.22074 -0.0132342 -0.119488 0.473116
0.5 0.288 -0.220104 -0.0132369 -0.119186 0.472638
0.5 0.289 -0.219462 -0.0132389 -0.118884 0.472169
0.5 0.29 -0.218814 -0.0132402 -0.118582 0.47171
0.5 0.291 -0.218161 -0.0132408 -0.11828 0.47126
0.5 0.292 -0.217502 -0.0132407 -0.117978 0.470819
0.5 0.293 -0.216836 -0.01324 -0.117676 0.470388
0.5 0.294 -0.216166 -0.0132386 -0.117374 0.469966
0.5 0.295 -0.215489 -0.0132364 -0.117072 0.469554
0.5 0.296 -0.214807 -0.0132336 -0.11677 0.469151
0.5 0.297 -0.214118 -0.0132302 -0.116468 0.468758
0.5 0.298 -0.213424 -0.013226 -0.116166 0.468374
0.5 0.299 -0.212725 -0.0132211 -0.115864 0.467999
0.5 0.3 -0.212019 -0.0132156 -0.115562 0.467634
0.5 0.301 -0.211309 -0.0132023 -0.115268 0.467279
0.5 0.302 -0.210593 -0.0131885 -0.114974 0.466931
0.5 0.303 -0.209873 -0.013174 -0.11468 0.466591
0.5 0.304 -0.209148 -0.0131589 -0.114386 0.466259
0.5 0.305 -0.208418 -0.0131432 -0.114093 0.465934
0.5 0.306 -0.207683 -0.0131268 -0.113799 0.465617
0.5 0.307 -0.206943 -0.0131099 -0.113505 0.465308
0.5 0.308 -0.206198 -0.0130923 -0.113211 0.465007
0.5 0.309 -0.205449 -0.0130742 -0.112917 0.464713
0.5 0.31 -0.204694 -0.0130554 -0.112623 0.464427
0.5 0.311 -0.203935 -0.013036 -0.11233 0.464148
0.5 0.312 -0.20317 -0.0130161 -0.112036 0.463878
0.5 0.313 -0.202401 -0.0129955 -0.111742 0.463615
0.5 0.314 -0.201627 -0.0129742 -0.111448 0.463359
0.5 0.315 -0.200848 -0.0129524 -0.111154 0.463112
0.5 0.316 -0.200064 -0.01293 -0.11086 0.462872
0.5 0.317 -0.199275 -0.0129069 -0.110567 0.46264
0.5 0.318 -0.198481 -0.0128833 -0.110273 0.462415
0.5 0.319 -0.197683 -0.012859 -0.109979 0.462198
0.5 0.32 -0.196879 -0.0128341 -0.109685 0.461989
0.5 0.321 -0.196071 -0.0128087 -0.109391 0.461788
0.5 0.322 -0.195258 -0.0127826 -0.109097 0.461594
0.5 0.323 -0.194439 -0.0127558 -0.108804 0.461408
0.5 0.324 -0.193616 -0.0127285 -0.10851 0.46123
0.5 0.325 -0.192788 -0.0127006 -0.108216 0.461059
0.5 0.326 -0.191955 -0.012672 -0.107922 0.460896
0.5 0.327 -0.191117 -0.0126429 -0.107628 0.460741
0.5 0.328 -0.190275 -0.0126131 -0.107334 0.460594
0.5 0.329 -0.189427 -0.0125827 -0.10704 0.460454
0.5 0.33 -0.188575 -0.0125518 -0.106747 0.460322
0.5 0.331 -0.187717 -0.0125202 -0.106453 0.460197
0.5 0.332 -0.186855 -0.012488 -0.106159 0.460081
0.5 0.333 -0.185988 -0.0124551 -0.105865 0.459971
0.5 0.334 -0.185116 -0.0124176 -0.105564 0.45987
0.5 0.335 -0.18424 -0.0123776 -0.10526 0.459775
0.5 0.336 -0.18336 -0.0123371 -0.104955 0.459685
0.5 0.337 -0.182477 -0.0122961 -0.104651 0.459602
0.5 0.338 -0.181589 -0.0122546 -0.104347 0.459524
0.5 0.339 -0.180697 -0.0122126 -0.104042 0.459452
0.5 0.34 -0.179801 -0.0121702 -0.103738 0.459386
0.5 0.341 -0.178902 -0.0121272 -0.103433 0.459327
0.5 0.342 -0.177998 -0.0120838 -0.103129 0.459273
0.5 0.343 -0.17709 -0.0120399 -0.102825 0.459225
0.5 0.344 -0.176178 -0.0119955 -0.10252 0.459183
0.5 0.345 -0.175262 -0.0119506 -0.102216 0.459146
0.5 0.346 -0.174343 -0.0119052 -0.101911 0.459116
0.5 0.347 -0.173419 -0.0118593 -0.101607 0.459092
0.5 0.348 -0.172491 -0.011813 -0.101302 0.459073
0.5 0.349 -0.171559 -0.0117662 -0.100998 0.459061
0.5 0.35 -0.170623 -0.0117189 -0.100694 0.459054
0.5 0.351 -0.169683 -0.0116711 -0.100389 0.459054
0.5 0.352 -0.16874 -0.0116228 -0.100085 0.459059
0.5 0.353 -0.167792 -0.011574 -0.0997805 0.45907
0.5 0.354 -0.16684 -0.0115248 -0.099476 0.459087
0.5 0.355 -0.165884 -0.011475 -0.0991716 0.45911
0.5 0.356 -0.164924 -0.0114248 -0.0988672 0.459139
0.5 0.357 -0.16396 -0.0113741 -0.0985628 0.459174
0.5 0.358 -0.162992 -0.0113229 -0.0982584 0.459215
0.5 0.359 -0.16202 -0.0112712 -0.097954 0.459261
0.5 0.36 -0.161044 -0.011219 -0.0976496 0.459314
0.5 0.361 -0.160065 -0.0111664 -0.0973452 0.459373
0.5 0.362 -0.159081 -0.0111132 -0.0970408 0.459437
0.5 0.363 -0.158093 -0.0110596 -0.0967364 0.459507
0.5 0.364 -0.157101 -0.0110055 -0.096432 0.459584
0.5 0.365 -0.156105 -0.0109509 -0.0961275 0.459666
0.5 0.366 -0.155105 -0.0108958 -0.0958231 0.459754
0.5 0.367 -0.154101 -0.0108386 -0.0955099 0.459848
0.5 0.368 -0.153094 -0.0107777 -0.095179 0.459946
0.5 0.369 -0.152084 -0.0107164 -0.094848 0.460049
0.5 0.37 -0.151071 -0.0106548 -0.0945171 0.460156
0.5 0.371 -0.150054 -0.0105928 -0.0941862 0.460268
0.5 0.372 -0.149035 -0.0105305 -0.0938553 0.460383
0.5 0.373 -0.148012 -0.0104678 -0.0935244 0.460503
0.5 0.374 -0.146987 -0.0104048 -0.0931934 0.460627
0.5 0.375 -0.145958 -0.0103415 -0.0928625 0.460756
0.5 0.376 -0.144926 -0.0102778 -0.0925316 0.460888
0.5 0.377 -0.143891 -0.0102137 -0.0922007 0.461025
0.5 0.378 -0.142853 -0.0101493 -0.0918697 0.461167
0.5 0.379 -0.141812 -0.0100846 -0.0915388 0.461312
0.5 0.38 -0.140768 -0.0100195 -0.0912079 0.461462
0.5 0.381 -0.139721 -0.00995402 -0.090877 0.461616
0.5 0.382 -0.13867 -0.00988823 -0.0905461 0.461775
0.5 0.383 -0.137617 -0.00982209 -0.0902151 0.461937
0.5 0.384 -0.13656 -0.00975561 -0.0898842 0.462104
0.5 0.385 -0.1355 -0.00968878 -0.0895533 0.462276
0.5 0.386 -0.134438 -0.0096216 -0.0892224 0.462451
0.5 0.387 -0.133372 -0.00955408 -0.0888914 0.462631
0.5 0.388 -0.132303 -0.0094862 -0.0885605 0.462815
0.5 0.389 -0.131231 -0.00941798 -0.0882296 0.463004
0.5 0.39 -0.130155 -0.00934942 -0.0878987 0.463196
0.5 0.391 -0.129077 -0.0092805 -0.0875678 0.463393
0.5 0.392 -0.127996 -0.00921124 -0.0872368 0.463595
0.5 0.393 -0.126911 -0.00914163 -0.0869059 0.4638
0.5 0.394 -0.125824 -0.00907168 -0.086575 0.46401
0.5 0.395 -0.124733 -0.00900137 -0.0862441 0.464224
0.5 0.396 -0.123639 -0.00893072 -0.0859131 0.464443
0.5 0.397 -0.122542 -0.00885973 -0.0855822 0.464665
0.5 0.398 -0.121442 -0.00878838 -0.0852513 0.464892
0.5 0.399 -0.120339 -0.00871669 -0.0849204 0.465124
0.5 0.4 -0.119233 -0.00864465 -0.0845895 0.465359
0.5 0.401 -0.118125 -0.00856856 -0.0842194 0.465598
0.5 0.402 -0.117014 -0.00849225 -0.0838493 0.465839
0.5 0.403 -0.115901 -0.00841572 -0.0834792 0.466084
0.5 0.404 -0.114785 -0.00833897 -0.0831091 0.466331
0.5 0.405 -0.113668 -0.00826199 -0.082739 0.466582
0.5 0.406 -0.112548 -0.0081848 -0.0823689 0.466835
0.5 0.407 -0.111426 -0.00810737 -0.0819988 0.467091
0.5 0.408 -0.110302 -0.00802973 -0.0816287 0.467349
0.5 0.409 -0.109176 -0.00795187 -0.0812586 0.467611
0.5 0.41 -0.108048 -0.00787378 -0.0808885 0.467875
0.5 0.411 -0.106917 -0.00779547 -0.0805184 0.468143
0.5 0.412 -0.105785 -0.00771694 -0.0801483 0.468413
0.5 0.413 -0.10465 -0.00763819 -0.0797782 0.468686
0.5 0.414 -0.103513 -0.00755921 -0.0794081 0.468962
0.5 0.415 -0.102373 -0.00748001 -0.079038 0.469241
0.5 0.416 -0.101232 -0.00740059 -0.0786679 0.469522
0.5 0.417 -0.100088 -0.00732095 -0.0782978 0.469807
0.5 0.418 -0.0989421 -0.00724109 -0.0779277 0.470094
0.5 0.419 -0.097794 -0.007161 -0.0775576 0.470384
0.5 0.42 -0.0966438 -0.00708069 -0.0771875 0.470677
0.5 0.421 -0.0954913 -0.00700016 -0.0768174 0.470973
0.5 0.422 -0.0943367 -0.00691941 -0.0764473 0.471272
0.5 0.423 -0.0931798 -0.00683843 -0.0760772 0.471574
0.5 0.424 -0.0920208 -0.00675723 -0.0757071 0.471878
0.5 0.425 -0.0908596 -0.00667581 -0.075337 0.472185
0.5 0.426 -0.0896962 -0.00659417 -0.0749669 0.472496
0.5 0.427 -0.0885307 -0.00651231 -0.0745968 0.472809
0.5 0.428 -0.0873629 -0.00643022 -0.0742267 0.473125
0.5 0.429 -0.0861929 -0.00634791 -0.0738566 0.473443
0.5 0.43 -0.0850208 -0.00626538 -0.0734865 0.473765
0.5 0.431 -0.0838464 -0.00618263 -0.0731164 0.474089
0.5 0.432 -0.0826699 -0.00609965 -0.0727463 0.474417
0.5 0.433 -0.0814912 -0.00601645 -0.0723762 0.474747
0.5 0.434 -0.0803106 -0.00593139 -0.0719739 0.475079
0.5 0.435 -0.0791286 -0.00584536 -0.0715555 0.475414
0.5 0.436 -0.0779453 -0.00575921 -0.0711371 0.475749
0.5 0.437 -0.0767608 -0.00567294 -0.0707187 0.476087
0.5 0.438 -0.0755749 -0.00558655 -0.0703003 0.476426
0.5 0.439 -0.0743878 -0.00550004 -0.0698819 0.476766
0.5 0.44 -0.0731993 -0.00541341 -0.0694635 0.477109
0.5 0.441 -0.0720096 -0.00532666 -0.0690451 0.477452
0.5 0.442 -0.0708185 -0.00523979 -0.0686267 0.477798
0.5 0.443 -0.0696262 -0.00515281 -0.0682083 0.478145
0.5 0.444 -0.0684325 -0.0050657 -0.0677899 0.478494
0.5 0.445 -0.0672376 -0.00497846 -0.0673715 0.478844
0.5 0.446 -0.0660413 -0.00489111 -0.0669531 0.479196
0.5 0.447 -0.0648438 -0.00480364 -0.0665347 0.47955
0.5 0.448 -0.0636449 -0.00471605 -0.0661163 0.479905
0.5 0.449 -0.0624448 -0.00462834 -0.0656979 0.480262
0.5 0.45 -0.0612433 -0.00454051 -0.0652795 0.480621
0.5 0.451 -0.0600406 -0.00445256 -0.0648611 0.480981
0.5 0.452 -0.0588366 -0.00436449 -0.0644427 0.481342
0.5 0.453 -0.0576312 -0.0042763 -0.0640243 0.481706
0.5 0.454 -0.0564246 -0.00418799 -0.0636059 0.482071
0.5 0.455 -0.0552167 -0.00409955 -0.0631875 0.482437
0.5 0.456 -0.0540074 -0.004011 -0.0627691 0.482806
0.5 0.457 -0.0527969 -0.00392233 -0.0623507 0.483175
0.5 0.458 -0.0515851 -0.00383354 -0.0619323 0.483547
0.5 0.459 -0.0503719 -0.00374463 -0.0615139 0.48392
0.5 0.46 -0.0491575 -0.00365559 -0.0610955 0.484295
0.5 0.461 -0.0479418 -0.00356644 -0.0606771 0.484671
0.5 0.462 -0.0467248 -0.00347717 -0.0602587 0.485049
0.5 0.463 -0.0455064 -0.00338777 -0.0598403 0.485429
0.5 0.464 -0.0442868 -0.00329826 -0.0594219 0.48581
0.5 0.465 -0.0430659 -0.00320863 -0.0590035 0.486193
0.5 0.466 -0.0418437 -0.00311887 -0.058585 0.486577
0.5 0.467 -0.0406202 -0.00302859 -0.0581487 0.486963
0.5 0.468 -0.0393962 -0.00293741 -0.0576765 0.48735
0.5 0.469 -0.0381717 -0.0028462 -0.0572043 0.487737
0.5 0.47 -0.0369468 -0.00275495 -0.0567321 0.488125
0.5 0.471 -0.0357215 -0.00266367 -0.05626 0.488513
0.5 0.472 -0.0344957 -0.00257234 -0.0557878 0.488902
0.5 0.473 -0.0332696 -0.00248098 -0.0553156 0.489291
0.5 0.474 -0.0320429 -0.00238958 -0.0548434 0.489681
0.5 0.475 -0.0308159 -0.00229814 -0.0543712 0.490071
0.5 0.476 -0.0295884 -0.00220667 -0.053899 0.490462
0.5 0.477 -0.0283605 -0.00211516 -0.0534268 0.490853
0.5 0.478 -0.0271322 -0.00202361 -0.0529546 0.491245
0.5 0.479 -0.0259034 -0.00193202 -0.0524824 0.491638
0.5 0.48 -0.0246742 -0.00184039 -0.0520102 0.492031
0.5 0.481 -0.0234446 -0.00174873 -0.051538 0.492424
0.5 0.482 -0.0222145 -0.00165703 -0.0510659 0.492818
0.5 0.483 -0.020984 -0.00156529 -0.0505937 0.493213
0.5 0.484 -0.0197531 -0.00147352 -0.0501215 0.493608
0.5 0.485 -0.0185218 -0.0013817 -0.0496493 0.494003
0.5 0.486 -0.01729 -0.00128985 -0.0491771 0.494399
0.5 0.487 -0.0160578 -0.00119796 -0.0487049 0.494796
0.5 0.488 -0.0148252 -0.00110604 -0.0482327 0.495193
0.5 0.489 -0.0135921 -0.00101408 -0.0477605 0.495591
0.5 0.49 -0.0123586 -0.000922074 -0.0472883 0.495989
0.5 0.491 -0.0111247 -0.000830036 -0.0468161 0.496388
0.5 0.492 -0.00989032 -0.00073796 -0.046344 0.496787
0.5 0.493 -0.00865553 -0.000645846 -0.0458718 0.497187
0.5 0.494 -0.00742032 -0.000553695 -0.0453996 0.497587
0.5 0.495 -0.00618467 -0.000461506 -0.0449274 0.497988
0.5 0.496 -0.0049486 -0.00036928 -0.0444552 0.498389
0.5 0.497 -0.00371209 -0.000277016 -0.043983 0.498791
0.5 0.498 -0.00247516 -0.000184715 -0.0435108 0.499194
0.5 0.499 -0.00123779 -9.23756e-05 -0.0430386 0.499597
0.5 0.5 -9.58465e-10 9.64067e-10 -0.0425664 0.5
0.5 0.501 0.00123779 9.23775e-05 -0.0420386 0.500403
0.5 0.502 0.00247516 0.000184717 -0.0415108 0.500806
0.5 0.503 0.00371209 0.000277018 -0.040983 0.501209
0.5 0.504 0.0049486 0.000369282 -0.0404552 0.501611
0.5 0.505 0.00618467 0.000461508 -0.0399274 0.502012
0.5 0.506 0.00742031 0.000553697 -0.0393996 0.502413
0.5 0.507 0.00865553 0.000645848 -0.0388718 0.502813
0.5 0.508 0.00989031 0.000737962 -0.038344 0.503213
0.5 0.509 0.0111247 0.000830038 -0.0378161 0.503612
0.5 0.51 0.0123586 0.000922076 -0.0372883 0.504011
0.5 0.511 0.0135921 0.00101408 -0.0367605 0.504409
0.5 0.512 0.0148252 0.00110604 -0.0362327 0.504807
0.5 0.513 0.0160578 0.00119797 -0.0357049 0.505204
0.5 0.514 0.01729 0.00128985 -0.0351771 0.505601
0.5 0.515 0.0185218 0.0013817 -0.0346493 0.505997
0.5 0.516 0.0197531 0.00147352 -0.0341215 0.506392
0.5 0.517 0.020984 0.00156529 -0.0335937 0.506787
0.5 0.518 0.0222145 0.00165703 -0.0330659 0.507182
0.5 0.519 0.0234446 0.00174873 -0.032538 0.507576
0.5 0.52 0.0246742 0.00184039 -0.0320102 0.507969
0.5 0.521 0.0259034 0.00193202 -0.0314824 0.508362
0.5 0.522 0.0271322 0.00202361 -0.0309546 0.508755
0.5 0.523 0.0283605 0.00211516 -0.0304268 0.509147
0.5 0.524 0.0295884 0.00220667 -0.029899 0.509538
0.5 0.525 0.0308159 0.00229814 -0.0293712 0.509929
0.5 0.526 0.0320429 0.00238958 -0.0288434 0.510319
0.5 0.527 0.0332696 0.00248098 -0.0283156 0.510709
0.5 0.528 0.0344957 0.00257234 -0.0277878 0.511098
0.5 0.529 0.0357215 0.00266367 -0.02726 0.511487
0.5 0.53 0.0369468 0.00275496 -0.0267321 0.511875
0.5 0.531 0.0381717 0.0028462 -0.0262043 0.512263
0.5 0.532 0.0393962 0.00293742 -0.0256765 0.51265
0.5 0.533 0.0406202 0.00302859 -0.0251487 0.513037
0.5 0.534 0.0418437 0.00311888 -0.024585 0.513423
0.5 0.535 0.0430659 0.00320863 -0.0240035 0.513807
0.5 0.536 0.0442868 0.00329826 -0.0234219 0.51419
0.5 0.537 0.0455064 0.00338778 -0.0228403 0.514571
0.5 0.538 0.0467248 0.00347717 -0.0222587 0.514951
0.5 0.539 0.0479418 0.00356644 -0.0216771 0.515329
0.5 0.54 0.0491575 0.0036556 -0.0210955 0.515705
0.5 0.541 0.0503719 0.00374463 -0.0205139 0.51608
0.5 0.542 0.0515851 0.00383354 -0.0199323 0.516453
0.5 0.543 0.0527969 0.00392233 -0.0193507 0.516825
0.5 0.544 0.0540074 0.004011 -0.0187691 0.517194
0.5 0.545 0.0552167 0.00409956 -0.0181875 0.517563
0.5 0.546 0.0564246 0.00418799 -0.0176059 0.517929
0.5 0.547 0.0576312 0.0042763 -0.0170243 0.518294
0.5 0.548 0.0588366 0.00436449 -0.0164427 0.518658
0.5 0.549 0.0600406 0.00445256 -0.0158611 0.519019
0.5 0.55 0.0612433 0.00454051 -0.0152795 0.519379
0.5 0.551 0.0624448 0.00462834 -0.0146979 0.519738
0.5 0.552 0.0636449 0.00471606 -0.0141163 0.520095
0.5 0.553 0.0648438 0.00480365 -0.0135347 0.52045
0.5 0.554 0.0660413 0.00489112 -0.0129531 0.520804
0.5 0.555 0.0672376 0.00497847 -0.0123715 0.521156
0.5 0.556 0.0684325 0.0050657 -0.0117899 0.521506
0.5 0.557 0.0696262 0.00515281 -0.0112083 0.521855
0.5 0.558 0.0708185 0.0052398 -0.0106267 0.522202
0.5 0.559 0.0720096 0.00532667 -0.0100451 0.522548
0.5 0.56 0.0731993 0.00541342 -0.00946348 0.522891
0.5 0.561 0.0743878 0.00550005 -0.00888188 0.523234
0.5 0.562 0.0755749 0.00558655 -0.00830028 0.523574
0.5 0.563 0.0767608 0.00567294 -0.00771868 0.523913
0.5 0.564 0.0779453 0.00575921 -0.00713708 0.524251
0.5 0.565 0.0791286 0.00584536 -0.00655548 0.524586
0.5 0.566 0.0803106 0.00593139 -0.00597388 0.524921
0.5 0.567 0.0814912 0.00601646 -0.00537618 0.525253
0.5 0.568 0.0826699 0.00609965 -0.00474628 0.525583
0.5 0.569 0.0838464 0.00618263 -0.00411638 0.525911
0.5 0.57 0.0850208 0.00626538 -0.00348648 0.526235
0.5 0.571 0.0861929 0.00634791 -0.00285658 0.526557
0.5 0.572 0.0873629 0.00643022 -0.00222668 0.526875
0.5 0.573 0.0885306 0.00651231 -0.00159678 0.527191
0.5 0.574 0.0896962 0.00659417 -0.000966876 0.527504
0.5 0.575 0.0908596 0.00667582 -0.000336975 0.527815
0.5 0.576 0.0920208 0.00675724 0.000292926 0.528122
0.5 0.577 0.0931798 0.00683843 0.000922827 0.528426
0.5 0.578 0.0943367 0.00691941 0.00155273 0.528728
0.5 0.579 0.0954913 0.00700016 0.00218263 0.529027
0.5 0.58 0.0966438 0.00708069 0.00281253 0.529323
0.5 0.581 0.097794 0.007161 0.00344243 0.529616
0.5 0.582 0.0989421 0.00724109 0.00407233 0.529906
0.5 0.583 0.100088 0.00732095 0.00470223 0.530193
0.5 0.584 0.101232 0.0074006 0.00533213 0.530478
0.5 0.585 0.102373 0.00748002 0.00596203 0.530759
0.5 0.586 0.103513 0.00755921 0.00659194 0.531038
0.5 0.587 0.10465 0.00763819 0.00722184 0.531314
0.5 0.588 0.105785 0.00771694 0.00785174 0.531587
0.5 0.589 0.106917 0.00779547 0.00848164 0.531857
0.5 0.59 0.108048 0.00787378 0.00911154 0.532125
0.5 0.591 0.109176 0.00795187 0.00974144 0.532389
0.5 0.592 0.110302 0.00802973 0.0103713 0.532651
0.5 0.593 0.111426 0.00810738 0.0110012 0.532909
0.5 0.594 0.112548 0.0081848 0.0116311 0.533165
0.5 0.595 0.113668 0.008262 0.012261 0.533418
0.5 0.596 0.114785 0.00833897 0.0128909 0.533669
0.5 0.597 0.115901 0.00841572 0.0135208 0.533916
0.5 0.598 0.117014 0.00849226 0.0141507 0.534161
0.5 0.599 0.118125 0.00856857 0.0147806 0.534402
0.5 0.6 0.119233 0.00864465 0.0154105 0.534641
0.5 0.601 0.120339 0.00871669 0.0160796 0.534876
0.5 0.602 0.121442 0.00878838 0.0167487 0.535108
0.5 0.603 0.122542 0.00885973 0.0174178 0.535335
0.5 0.604 0.123639 0.00893072 0.0180869 0.535557
0.5 0.605 0.124733 0.00900137 0.0187559 0.535776
0.5 0.606 0.125824 0.00907168 0.019425 0.53599
0.5 0.607 0.126911 0.00914163 0.0200941 0.5362
0.5 0.608 0.127996 0.00921124 0.0207632 0.536405
0.5 0.609 0.129077 0.0092805 0.0214322 0.536607
0.5 0.61 0.130155 0.00934942 0.0221013 0.536804
0.5 0.611 0.131231 0.00941798 0.0227704 0.536996
0.5 0.612 0.132303 0.0094862 0.0234395 0.537185
0.5 0.613 0.133372 0.00955408 0.0241086 0.537369
0.5 0.614 0.134438 0.0096216 0.0247776 0.537549
0.5 0.615 0.1355 0.00968878 0.0254467 0.537724
0.5 0.616 0.13656 0.00975561 0.0261158 0.537896
0.5 0.617 0.137617 0.0098221 0.0267849 0.538063
0.5 0.618 0.13867 0.00988823 0.0274539 0.538225
0.5 0.619 0.139721 0.00995402 0.028123 0.538384
0.5 0.62 0.140768 0.0100195 0.0287921 0.538538
0.5 0.621 0.141812 0.0100846 0.0294612 0.538688
0.5 0.622 0.142853 0.0101493 0.0301303 0.538833
0.5 0.623 0.143891 0.0102137 0.0307993 0.538975
0.5 0.624 0.144926 0.0102778 0.0314684 0.539112
0.5 0.625 0.145958 0.0103415 0.0321375 0.539244
0.5 0.626 0.146987 0.0104048 0.0328066 0.539373
0.5 0.627 0.148012 0.0104678 0.0334756 0.539497
0.5 0.628 0.149035 0.0105305 0.0341447 0.539617
0.5 0.629 0.150054 0.0105928 0.0348138 0.539732
0.5 0.63 0.151071 0.0106548 0.0354829 0.539844
0.5 0.631 0.152084 0.0107164 0.036152 0.539951
0.5 0.632 0.153094 0.0107777 0.036821 0.540054
0.5 0.633 0.154101 0.0108386 0.0374901 0.540152
0.5 0.634 0.155105 0.0108958 0.0381769 0.540246
0.5 0.635 0.156105 0.0109509 0.0388725 0.540334
0.5 0.636 0.157101 0.0110055 0.039568 0.540416
0.5 0.637 0.158093 0.0110596 0.0402636 0.540493
0.5 0.638 0.159081 0.0111132 0.0409592 0.540563
0.5 0.639 0.160065 0.0111664 0.0416548 0.540627
0.5 0.64 0.161044 0.011219 0.0423504 0.540686
0.5 0.641 0.16202 0.0112712 0.043046 0.540739
0.5 0.642 0.162992 0.0113229 0.0437416 0.540785
0.5 0.643 0.16396 0.0113741 0.0444372 0.540826
0.5 0.644 0.164924 0.0114248 0.0451328 0.540861
0.5 0.645 0.165884 0.011475 0.0458284 0.54089
0.5 0.646 0.16684 0.0115248 0.046524 0.540913
0.5 0.647 0.167792 0.011574 0.0472195 0.54093
0.5 0.648 0.16874 0.0116228 0.0479151 0.540941
0.5 0.649 0.169683 0.0116711 0.0486107 0.540946
0.5 0.65 0.170623 0.0117189 0.0493063 0.540946
0.5 0.651 0.171559 0.0117662 0.0500019 0.540939
0.5 0.652 0.172491 0.011813 0.0506975 0.540927
0.5 0.653 0.173419 0.0118593 0.0513931 0.540908
0.5 0.654 0.174343 0.0119052 0.0520887 0.540884
0.5 0.655 0.175262 0.0119506 0.0527843 0.540854
0.5 0.656 0.176178 0.0119955 0.0534799 0.540817
0.5 0.657 0.17709 0.0120399 0.0541755 0.540775
0.5 0.658 0.177998 0.0120838 0.0548711 0.540727
0.5 0.659 0.178902 0.0121272 0.0555666 0.540673
0.5 0.66 0.179801 0.0121702 0.0562622 0.540614
0.5 0.661 0.180697 0.0122126 0.0569578 0.540548
0.5 0.662 0.181589 0.0122546 0.0576534 0.540476
0.5 0.663 0.182477 0.0122961 0.058349 0.540398
0.5 0.664 0.18336 0.0123371 0.0590446 0.540315
0.5 0.665 0.18424 0.0123776 0.0597402 0.540225
0.5 0.666 0.185116 0.0124176 0.0604358 0.54013
0.5 0.667 0.185988 0.0124551 0.0611349 0.540029
0.5 0.668 0.186855 0.012488 0.0618411 0.539919
0.5 0.669 0.187717 0.0125202 0.0625472 0.539803
0.5 0.67 0.188575 0.0125518 0.0632534 0.539678
0.5 0.671 0.189427 0.0125827 0.0639595 0.539546
0.5 0.672 0.190275 0.0126131 0.0646657 0.539406
0.5 0.673 0.191117 0.0126429 0.0653719 0.539259
0.5 0.674 0.191955 0.012672 0.066078 0.539104
0.5 0.675 0.192788 0.0127006 0.0667842 0.538941
0.5 0.676 0.193616 0.0127285 0.0674903 0.53877
0.5 0.677 0.194439 0.0127558 0.0681965 0.538592
0.5 0.678 0.195258 0.0127826 0.0689027 0.538406
0.5 0.679 0.196071 0.0128087 0.0696088 0.538212
0.5 0.68 0.196879 0.0128341 0.070315 0.538011
0.5 0.681 0.197683 0.012859 0.0710211 0.537802
0.5 0.682 0.198481 0.0128833 0.0717273 0.537585
0.5 0.683 0.199275 0.0129069 0.0724335 0.53736
0.5 0.684 0.200064 0.01293 0.0731396 0.537128
0.5 0.685 0.200848 0.0129524 0.0738458 0.536888
0.5 0.686 0.201627 0.0129742 0.0745519 0.536641
0.5 0.687 0.202401 0.0129955 0.0752581 0.536385
0.5 0.688 0.20317 0.0130161 0.0759643 0.536122
0.5 0.689 0.203935 0.013036 0.0766704 0.535852
0.5 0.69 0.204694 0.0130554 0.0773766 0.535573
0.5 0.691 0.205449 0.0130742 0.0780827 0.535287
0.5 0.692 0.206198 0.0130923 0.0787889 0.534993
0.5 0.693 0.206943 0.0131099 0.0794951 0.534692
0.5 0.694 0.207683 0.0131268 0.0802012 0.534383
0.5 0.695 0.208418 0.0131432 0.0809074 0.534066
0.5 0.696 0.209148 0.0131589 0.0816135 0.533741
0.5 0.697 0.209873 0.013174 0.0823197 0.533409
0.5 0.698 0.210593 0.0131885 0.0830259 0.533069
0.5 0.699 0.211309 0.0132023 0.083732 0.532721
0.5 0.7 0.212019 0.0132156 0.0844382 0.532366
0.5 0.701 0.212725 0.0132211 0.0851362 0.532001
0.5 0.702 0.213424 0.013226 0.0858342 0.531626
0.5 0.703 0.214118 0.0132302 0.0865322 0.531242
0.5 0.704 0.214807 0.0132336 0.0872302 0.530849
0.5 0.705 0.215489 0.0132364 0.0879282 0.530446
0.5 0.706 0.216166 0.0132386 0.0886262 0.530034
0.5 0.707 0.216836 0.01324 0.0893242 0.529612
0.5 0.708 0.217502 0.0132407 0.0900222 0.529181
0.5 0.709 0.218161 0.0132408 0.0907201 0.52874
0.5 0.71 0.218814 0.0132402 0.0914181 0.52829
0.5 0.711 0.219462 0.0132389 0.0921161 0.527831
0.5 0.712 0.220104 0.0132369 0.0928141 0.527362
0.5 0.713 0.22074 0.0132342 0.0935121 0.526884
0.5 0.714 0.221371 0.0132309 0.0942101 0.526396
0.5 0.715 0.221995 0.0132268 0.0949081 0.525899
0.5 0.716 0.222614 0.0132221 0.0956061 0.525392
0.5 0.717 0.223227 0.0132167 0.0963041 0.524876
0.5 0.718 0.223834 0.0132106 0.0970021 0.52435
0.5 0.719 0.224436 0.0132039 0.0977001 0.523815
0.5 0.72 0.225032 0.0131964 0.0983981 0.523271
0.5 0.721 0.225622 0.0131883 0.0990961 0.522717
0.5 0.722 0.226206 0.0131794 0.0997941 0.522153
0.5 0.723 0.226784 0.0131699 0.100492 0.521581
0.5 0.724 0.227357 0.0131597 0.10119 0.520998
0.5 0.725 0.227924 0.0131489 0.101888 0.520407
0.5 0.726 0.228485 0.0131373 0.102586 0.519806
0.5 0.727 0.22904 0.0131251 0.103284 0.519195
0.5 0.728 0.22959 0.0131122 0.103982 0.518575
0.5 0.729 0.230133 0.0130986 0.10468 0.517946
0.5 0.73 0.230671 0.0130843 0.105378 0.517307
0.5 0.731 0.231203 0.0130693 0.106076 0.516658
0.5 0.732 0.23173 0.0130536 0.106774 0.516001
0.5 0.733 0.23225 0.0130373 0.107472 0.515333
0.5 0.734 0.232765 0.0130152 0.108151 0.514655
0.5 0.735 0.233274 0.0129898 0.10882 0.513965
0.5 0.736 0.233776 0.0129638 0.109489 0.513265
0.5 0.737 0.234272 0.0129371 0.110158 0.512553
0.5 0.738 0.23476 0.0129098 0.110827 0.511831
0.5 0.739 0.235242 0.0128818 0.111496 0.511098
0.5 0.74 0.235717 0.0128531 0.112165 0.510354
0.5 0.741 0.236186 0.0128238 0.112835 0.509599
0.5 0.742 0.236647 0.0127939 0.113504 0.508833
0.5 0.743 0.237103 0.0127633 0.114173 0.508056
0.5 0.744 0.237551 0.012732 0.114842 0.507269
0.5 0.745 0.237993 0.0127001 0.115511 0.50647
0.5 0.746 0.238428 0.0126675 0.11618 0.505661
0.5 0.747 0.238856 0.0126343 0.116849 0.504841
0.5 0.748 0.239277 0.0126004 0.117518 0.50401
0.5 0.749 0.239692 0.0125659 0.118187 0.503169
0.5 0.75 0.2401 0.0125307 0.118856 0.502316
0.5 0.751 0.240502 0.0124948 0.119526 0.501453
0.5 0.752 0.240897 0.0124583 0.120195 0.500578
0.5 0.753 0.241285 0.0124212 0.120864 0.499693
0.5 0.754 0.241666 0.0123834 0.121533 0.498797
0.5 0.755 0.242041 0.0123449 0.122202 0.49789
0.5 0.756 0.242409 0.0123058 0.122871 0.496972
0.5 0.757 0.24277 0.012266 0.12354 0.496044
0.5 0.758 0.243124 0.0122256 0.124209 0.495104
0.5 0.759 0.243472 0.0121845 0.124878 0.494154
0.5 0.76 0.243813 0.0121428 0.125548 0.493193
0.5 0.761 0.244148 0.0121004 0.126217 0.492221
0.5 0.762 0.244475 0.0120573 0.126886 0.491238
0.5 0.763 0.244796 0.0120136 0.127555 0.490244
0.5 0.764 0.245111 0.0119693 0.128224 0.48924
0.5 0.765 0.245418 0.0119243 0.128893 0.488224
0.5 0.766 0.245719 0.0118786 0.129562 0.487198
0.5 0.767 0.246014 0.0118297 0.130214 0.48616
0.5 0.768 0.246301 0.0117751 0.130833 0.485109
0.5 0.769 0.246581 0.0117201 0.131452 0.484045
0.5 0.77 0.246853 0.0116645 0.13207 0.482971
0.5 0.771 0.247118 0.0116085 0.132689 0.481885
0.5 0.772 0.247374 0.011552 0.133308 0.480787
0.5 0.773 0.247623 0.0114949 0.133927 0.479678
0.5 0.774 0.247864 0.0114375 0.134545 0.478557
0.5 0.775 0.248097 0.0113795 0.135164 0.477424
0.5 0.776 0.248322 0.011321 0.135783 0.47628
0.5 0.777 0.24854 0.0112621 0.136401 0.475125
0.5 0.778 0.24875 0.0112026 0.13702 0.473958
0.5 0.779 0.248952 0.0111427 0.137639 0.472779
0.5 0.78 0.249146 0.0110823 0.138257 0.471589
0.5 0.781 0.249332 0.0110215 0.138876 0.470387
0.5 0.782 0.249511 0.0109601 0.139495 0.469174
0.5 0.783 0.249681 0.0108982 0.140113 0.467949
0.5 0.784 0.249844 0.0108359 0.140732 0.466713
0.5 0.785 0.249999 0.0107731 0.141351 0.465465
0.5 0.786 0.250147 0.0107098 0.141969 0.464205
0.5 0.787 0.250286 0.010646 0.142588 0.462934
0.5 0.788 0.250418 0.0105817 0.143207 0.461652
0.5 0.789 0.250542 0.0105169 0.143825 0.460357
0.5 0.79 0.250658 0.0104517 0.144444 0.459052
0.5 0.791 0.250766 0.010386 0.145063 0.457734
0.5 0.792 0.250867 0.0103198 0.145682 0.456405
0.5 0.793 0.250959 0.0102531 0.1463 0.455065
0.5 0.794 0.251044 0.0101859 0.146919 0.453713
0.5 0.795 0.251121 0.0101182 0.147538 0.45235
0.5 0.796 0.251191 0.0100501 0.148156 0.450975
0.5 0.797 0.251252 0.00998142 0.148775 0.449588
0.5 0.798 0.251306 0.0099123 0.149394 0.44819
0.5 0.799 0.251352 0.0098427 0.150012 0.44678
0.5 0.8 0.25139 0.00977261 0.150631 0.445359
0.5 0.801 0.251421 0.00969518 0.151179 0.443923
0.5 0.802 0.251443 0.00961758 0.151726 0.442475
0.5 0.803 0.251456 0.00953982 0.152274 0.441017
0.5 0.804 0.251459 0.0094619 0.152821 0.439547
0.5 0.805 0.251453 0.00938382 0.153369 0.438066
0.5 0.806 0.251438 0.00930557 0.153916 0.436574
0.5 0.807 0.251413 0.00922716 0.154464 0.43507
0.5 0.808 0.25138 0.00914858 0.155011 0.433556
0.5 0.809 0.251337 0.00906984 0.155559 0.43203
0.5 0.81 0.251285 0.00899093 0.156106 0.430493
0.5 0.811 0.251223 0.00891187 0.156654 0.428945
0.5 0.812 0.251153 0.00883263 0.157201 0.427386
0.5 0.813 0.251073 0.00875324 0.157749 0.425815
0.5 0.814 0.250984 0.00867368 0.158296 0.424233
0.5 0.815 0.250886 0.00859395 0.158844 0.42264
0.5 0.816 0.250778 0.00851407 0.159392 0.421036
0.5 0.817 0.250661 0.00843401 0.159939 0.41942
0.5 0.818 0.250535 0.0083538 0.160487 0.417794
0.5 0.819 0.2504 0.00827342 0.161034 0.416156
0.5 0.82 0.250255 0.00819288 0.161582 0.414507
0.5 0.821 0.250101 0.00811217 0.162129 0.412847
0.5 0.822 0.249938 0.0080313 0.162677 0.411175
0.5 0.823 0.249766 0.00795027 0.163224 0.409493
0.5 0.824 0.249584 0.00786907 0.163772 0.407799
0.5 0.825 0.249393 0.00778771 0.164319 0.406094
0.5 0.826 0.249193 0.00770618 0.164867 0.404378
0.5 0.827 0.248984 0.00762449 0.165414 0.40265
0.5 0.828 0.248765 0.00754264 0.165962 0.400911
0.5 0.829 0.248538 0.00746062 0.16651 0.399161
0.5 0.83 0.248301 0.00737844 0.167057 0.3974
0.5 0.831 0.248054 0.00729609 0.167605 0.395628
0.5 0.832 0.247799 0.00721358 0.168152 0.393845
0.5 0.833 0.247534 0.00713091 0.1687 0.39205
0.5 0.834 0.247261 0.00704462 0.169188 0.390242
0.5 0.835 0.246976 0.0069568 0.169646 0.388424
0.5 0.836 0.246681 0.00686923 0.170105 0.386596
0.5 0.837 0.246375 0.00678193 0.170563 0.384758
0.5 0.838 0.246057 0.00669488 0.171022 0.38291
0.5 0.839 0.245728 0.0066081 0.171481 0.381053
0.5 0.84 0.245388 0.00652158 0.171939 0.379187
0.5 0.841 0.245037 0.00643531 0.172398 0.37731
0.5 0.842 0.244674 0.00634931 0.172856 0.375424
0.5 0.843 0.244301 0.00626357 0.173315 0.373528
0.5 0.844 0.243916 0.00617809 0.173773 0.371623
0.5 0.845 0.24352 0.00609287 0.174232 0.369708
0.5 0.846 0.243112 0.00600791 0.17469 0.367783
0.5 0.847 0.242694 0.00592321 0.175149 0.365849
0.5 0.848 0.242264 0.00583876 0.175607 0.363905
0.5 0.849 0.241823 0.00575459 0.176066 0.361951
0.5 0.85 0.241371 0.00567067 0.176524 0.359987
0.5 0.851 0.240908 0.00558701 0.176983 0.358014
0.5 0.852 0.240433 0.00550361 0.177441 0.356032
0.5 0.853 0.239948 0.00542047 0.1779 0.354039
0.5 0.854 0.239451 0.00533759 0.178358 0.352037
0.5 0.855 0.238942 0.00525497 0.178817 0.350025
0.5 0.856 0.238423 0.00517262 0.179276 0.348004
0.5 0.857 0.237893 0.00509052 0.179734 0.345973
0.5 0.858 0.237351 0.00500868 0.180193 0.343932
0.5 0.859 0.236798 0.00492711 0.180651 0.341882
0.5 0.86 0.236234 0.00484579 0.18111 0.339822
0.5 0.861 0.235658 0.00476474 0.181568 0.337752
0.5 0.862 0.235072 0.00468394 0.182027 0.335673
0.5 0.863 0.234474 0.00460341 0.182485 0.333584
0.5 0.864 0.233865 0.00452313 0.182944 0.331485
0.5 0.865 0.233245 0.00444312 0.183402 0.329377
0.5 0.866 0.232613 0.00436337 0.183861 0.327259
0.5 0.867 0.231971 0.004283 0.184285 0.325131
0.5 0.868 0.231316 0.0042014 0.184642 0.322994
0.5 0.869 0.230647 0.00412048 0.184999 0.32085
0.5 0.87 0.229965 0.00404022 0.185356 0.318698
0.5 0.871 0.229269 0.00396064 0.185713 0.31654
0.5 0.872 0.228559 0.00388172 0.186069 0.314374
0.5 0.873 0.227835 0.00380348 0.186426 0.312201
0.5 0.874 0.227098 0.0037259 0.186783 0.310022
0.5 0.875 0.226347 0.00364899 0.18714 0.307835
0.5 0.876 0.225582 0.00357275 0.187496 0.305641
0.5 0.877 0.224803 0.00349719 0.187853 0.303439
0.5 0.878 0.224011 0.00342229 0.18821 0.301231
0.5 0.879 0.223205 0.00334806 0.188567 0.299016
0.5 0.88 0.222385 0.0032745 0.188924 0.296793
0.5 0.881 0.221552 0.00320161 0.18928 0.294563
0.5 0.882 0.220704 0.00312938 0.189637 0.292326
0.5 0.883 0.219843 0.00305783 0.189994 0.290082
0.5 0.884 0.218969 0.00298695 0.190351 0.287831
0.5 0.885 0.21808 0.00291674 0.190707 0.285573
0.5 0.886 0.217178 0.00284719 0.191064 0.283308
0.5 0.887 0.216262 0.00277832 0.191421 0.281035
0.5 0.888 0.215332 0.00271011 0.191778 0.278756
0.5 0.889 0.214389 0.00264258 0.192135 0.276469
0.5 0.89 0.213432 0.00257571 0.192491 0.274175
0.5 0.891 0.212461 0.00250951 0.192848 0.271874
0.5 0.892 0.211476 0.00244399 0.193205 0.269566
0.5 0.893 0.210478 0.00237913 0.193562 0.267251
0.5 0.894 0.209466 0.00231494 0.193919 0.264928
0.5 0.895 0.20844 0.00225142 0.194275 0.262599
0.5 0.896 0.207401 0.00218857 0.194632 0.260262
0.5 0.897 0.206347 0.00212639 0.194989 0.257918
0.5 0.898 0.20528 0.00206488 0.195346 0.255567
0.5 0.899 0.2042 0.00200404 0.195702 0.253209
0.5 0.9 0.203105 0.00194386 0.196059 0.250844
0.5 0.901 0.201995 0.00188487 0.196308 0.248473
0.5 0.902 0.200869 0.00182676 0.196558 0.246099
0.5 0.903 0.199725 0.00176953 0.196807 0.24372
0.5 0.904 0.198565 0.00171319 0.197056 0.241337
0.5 0.905 0.197388 0.00165773 0.197306 0.238949
0.5 0.906 0.196195 0.00160315 0.197555 0.236558
0.5 0.907 0.194985 0.00154946 0.197804 0.234162
0.5 0.908 0.193758 0.00149665 0.198053 0.231762
0.5 0.909 0.192514 0.00144473 0.198303 0.229358
0.5 0.91 0.191253 0.00139369 0.198552 0.22695
0.5 0.911 0.189976 0.00134353 0.198801 0.224538
0.5 0.912 0.188682 0.00129426 0.199051 0.222121
0.5 0.913 0.187372 0.00124587 0.1993 0.219701
0.5 0.914 0.186044 0.00119837 0.199549 0.217276
0.5 0.915 0.1847 0.00115175 0.199798 0.214847
0.5 0.916 0.183339 0.00110601 0.200048 0.212414
0.5 0.917 0.181962 0.00106116 0.200297 0.209976
0.5 0.918 0.180567 0.00101719 0.200546 0.207535
0.5 0.919 0.179156 0.000974107 0.200796 0.205089
0.5 0.92 0.177729 0.000931906 0.201045 0.202639
0.5 0.921 0.176284 0.00089059 0.201294 0.200185
0.5 0.922 0.174823 0.000850157 0.201543 0.197727
0.5 0.923 0.173345 0.000810608 0.201793 0.195265
0.5 0.924 0.17185 0.000771943 0.202042 0.192798
0.5 0.925 0.170339 0.000734163 0.202291 0.190328
0.5 0.926 0.168811 0.000697266 0.202541 0.187853
0.5 0.927 0.167266 0.000661253 0.20279 0.185374
0.5 0.928 0.165704 0.000626123 0.203039 0.182891
0.5 0.929 0.164126 0.000591878 0.203288 0.180403
0.5 0.93 0.162531 0.000558517 0.203538 0.177912
0.5 0.931 0.160919 0.00052604 0.203787 0.175416
0.5 0.932 0.159291 0.000494446 0.204036 0.172916
0.5 0.933 0.157646 0.000463737 0.204285 0.170412
0.5 0.934 0.155982 0.000435875 0.204464 0.167906
0.5 0.935 0.154298 0.000409742 0.204608 0.165399
0.5 0.936 0.152594 0.000384328 0.204751 0.162891
0.5 0.937 0.150871 0.000359633 0.204895 0.16038
0.5 0.938 0.149127 0.000335657 0.205038 0.157869
0.5 0.939 0.147363 0.0003124 0.205182 0.155355
0.5 0.94 0.145579 0.000289862 0.205325 0.15284
0.5 0.941 0.143775 0.000268044 0.205469 0.150324
0.5 0.942 0.141952 0.000246944 0.205612 0.147806
0.5 0.943 0.140108 0.000226563 0.205755 0.145286
0.5 0.944 0.138244 0.000206902 0.205899 0.142765
0.5 0.945 0.136361 0.000187959 0.206042 0.140242
0.5 0.946 0.134457 0.000169736 0.206186 0.137718
0.5 0.947 0.132533 0.000152232 0.206329 0.135192
0.5 0.948 0.13059 0.000135447 0.206473 0.132665
0.5 0.949 0.128626 0.000119381 0.206616 0.130136
0.5 0.95 0.126642 0.000104034 0.20676 0.127605
0.5 0.951 0.124639 8.94056e-05 0.206903 0.125073
0.5 0.952 0.122615 7.54967e-05 0.207047 0.122539
0.5 0.953 0.120571 6.23069e-05 0.20719 0.120004
0.5 0.954 0.118508 4.98362e-05 0.207334 0.117467
0.5 0.955 0.116424 3.80846e-05 0.207477 0.114928
0.5 0.956 0.11432 2.7052e-05 0.207621 0.112388
0.5 0.957 0.112197 1.67385e-05 0.207764 0.109846
0.5 0.958 0.110053 7.1441e-06 0.207907 0.107303
0.5 0.959 0.10789 -1.73123e-06 0.208051 0.104759
0.5 0.96 0.105706 -9.88749e-06 0.208194 0.102212
0.5 0.961 0.103503 -1.73247e-05 0.208338 0.0996643
0.5 0.962 0.101279 -2.40428e-05 0.208481 0.0971148
0.5 0.963 0.0990356 -3.00418e-05 0.208625 0.0945637
0.5 0.964 0.0967721 -3.53218e-05 0.208768 0.0920111
0.5 0.965 0.0944886 -3.98827e-05 0.208912 0.0894569
0.5 0.966 0.0921851 -4.37245e-05 0.209055 0.0869011
0.5 0.967 0.089861 -4.56665e-05 0.209165 0.0843452
0.5 0.968 0.0875132 -4.49784e-05 0.209209 0.0817913
0.5 0.969 0.0851419 -4.42469e-05 0.209253 0.0792374
0.5 0.97 0.0827472 -4.34718e-05 0.209297 0.0766833
0.5 0.971 0.0803291 -4.26533e-05 0.209341 0.074129
0.5 0.972 0.0778875 -4.17913e-05 0.209385 0.0715747
0.5 0.973 0.0754224 -4.08858e-05 0.209429 0.0690202
0.5 0.974 0.0729339 -3.99368e-05 0.209473 0.0664656
0.5 0.975 0.0704219 -3.89443e-05 0.209517 0.0639108
0.5 0.976 0.0678865 -3.79084e-05 0.209561 0.061356
0.5 0.977 0.0653276 -3.68289e-05 0.209605 0.058801
0.5 0.978 0.0627453 -3.5706e-05 0.209648 0.0562458
0.5 0.979 0.0601395 -3.45396e-05 0.209692 0.0536906
0.5 0.98 0.0575103 -3.33297e-05 0.209736 0.0511352
0.5 0.981 0.0548576 -3.20763e-05 0.20978 0.0485796
0.5 0.982 0.0521814 -3.07795e-05 0.209824 0.046024
0.5 0.983 0.0494818 -2.94391e-05 0.209868 0.0434682
0.5 0.984 0.0467588 -2.80553e-05 0.209912 0.0409123
0.5 0.985 0.0440122 -2.6628e-05 0.209956 0.0383562
0.5 0.986 0.0412423 -2.51572e-05 0.21 0.0358001
0.5 0.987 0.0384488 -2.36429e-05 0.210044 0.0332438
0.5 0.988 0.035632 -2.20851e-05 0.210087 0.0306873
0.5 0.989 0.0327916 -2.04839e-05 0.210131 0.0281308
0.5 0.99 0.0299279 -1.88391e-05 0.210175 0.0255741
0.5 0.991 0.0270406 -1.71509e-05 0.210219 0.0230172
0.5 0.992 0.0241299 -1.54192e-05 0.210263 0.0204603
0.5 0.993 0.0211958 -1.3644e-05 0.210307 0.0179032
0.5 0.994 0.0182382 -1.18253e-05 0.210351 0.015346
0.5 0.995 0.0152571 -9.96312e-06 0.210395 0.0127887
0.5 0.996 0.0122526 -8.05746e-06 0.210439 0.0102312
0.5 0.997 0.00922463 -6.10832e-06 0.210483 0.00767359
0.5 0.998 0.00617321 -4.1157e-06 0.210527 0.00511585
0.5 0.999 0.00309833 -2.07959e-06 0.21057 0.00255799
0.5 1 2.91212e-34 2.33667e-33 0.210614 3.36931e-34
