0.5 0 -9.79564e-35 2.74114e-33 -0.245437 1
0.5 0.001 -0.0102765 6.96671e-05 -0.244612 0.99011
0.5 0.002 -0.0203756 0.000135098 -0.243787 0.980264
0.5 0.003 -0.0302972 0.000196293 -0.242962 0.970461
0.5 0.004 -0.0400414 0.000253252 -0.242138 0.960701
0.5 0.005 -0.0496083 0.000305975 -0.241313 0.950985
0.5 0.006 -0.0589977 0.000354462 -0.240488 0.941312
0.5 0.007 -0.0682096 0.000398712 -0.239663 0.931682
0.5 0.008 -0.0772442 0.000438727 -0.238839 0.922095
0.5 0.009 -0.0861013 0.000474506 -0.238014 0.912552
0.5 0.01 -0.0947811 0.000506048 -0.237189 0.903052
0.5 0.011 -0.103283 0.000533355 -0.236364 0.893595
0.5 0.012 -0.111608 0.000556426 -0.23554 0.884182
0.5 0.013 -0.119756 0.00057526 -0.234715 0.874811
0.5 0.014 -0.127726 0.000589858 -0.23389 0.865484
0.5 0.015 -0.135518 0.000600221 -0.233065 0.856201
0.5 0.016 -0.143134 0.000606347 -0.232241 0.846961
0.5 0.017 -0.150571 0.000608237 -0.231416 0.837764
0.5 0.018 -0.157832 0.000605891 -0.230591 0.82861
0.5 0.019 -0.164915 0.00059931 -0.229766 0.819499
0.5 0.02 -0.17182 0.000588492 -0.228942 0.810432
0.5 0.021 -0.178548 0.000573438 -0.228117 0.801408
0.5 0.022 -0.185099 0.000554148 -0.227292 0.792428
0.5 0.023 -0.191472 0.000530622 -0.226467 0.78349
0.5 0.024 -0.197668 0.00050286 -0.225643 0.774596
0.5 0.025 -0.203687 0.000470861 -0.224818 0.765746
0.5 0.026 -0.209528 0.000434627 -0.223993 0.756938
0.5 0.027 -0.215191 0.000394157 -0.223169 0.748174
0.5 0.028 -0.220678 0.000349451 -0.222344 0.739453
0.5 0.029 -0.225986 0.000300508 -0.221519 0.730776
0.5 0.03 -0.231118 0.00024733 -0.220694 0.722141
0.5 0.031 -0.236072 0.000189915 -0.21987 0.71355
0.5 0.032 -0.240848 0.000128265 -0.219045 0.705003
0.5 0.033 -0.245447 6.23781e-05 -0.21822 0.696498
0.5 0.034 -0.249797 4.24901e-05 -0.217638 0.688273
0.5 0.035 -0.254011 3.55901e-05 -0.217177 0.680297
0.5 0.036 -0.258142 1.4982e-05 -0.216716 0.672471
0.5 0.037 -0.262189 -1.93341e-05 -0.216255 0.664795
0.5 0.038 -0.266152 -6.73581e-05 -0.215793 0.657267
0.5 0.039 -0.270031 -0.00012909 -0.215332 0.64989
0.5 0.04 -0.273827 -0.00020453 -0.214871 0.642662
0.5 0.041 -0.277538 -0.000293679 -0.21441 0.635583
0.5 0.042 -0.281166 -0.000396535 -0.213949 0.628654
0.5 0.043 -0.28471 -0.000513099 -0.213488 0.621874
0.5 0.044 -0.28817 -0.000643371 -0.213027 0.615244
0.5 0.045 -0.291547 -0.000787352 -0.212566 0.608763
0.5 0.046 -0.294839 -0.00094504 -0.212105 0.602432
0.5 0.047 -0.298048 -0.00111644 -0.211644 0.59625
0.5 0.048 -0.301173 -0.00130154 -0.211183 0.590218
0.5 0.049 -0.304215 -0.00150035 -0.210722 0.584335
0.5 0.05 -0.307172 -0.00171287 -0.210261 0.578602
0.5 0.051 -0.310046 -0.0019391 -0.2098 0.573018
0.5 0.052 -0.312836 -0.00217904 -0.209339 0.567584
0.5 0.053 -0.315542 -0.00243268 -0.208877 0.562299
0.5 0.054 -0.318164 -0.00270004 -0.208416 0.557164
0.5 0.055 -0.320703 -0.0029811 -0.207955 0.552178
0.5 0.056 -0.323157 -0.00327586 -0.207494 0.547342
0.5 0.057 -0.325528 -0.00358434 -0.207033 0.542655
0.5 0.058 -0.327815 -0.00390653 -0.206572 0.538118
0.5 0.059 -0.330019 -0.00424242 -0.206111 0.53373
0.5 0.06 -0.332138 -0.00459202 -0.20565 0.529492
0.5 0.061 -0.334174 -0.00495533 -0.205189 0.525403
0.5 0.062 -0.336126 -0.00533234 -0.204728 0.521464
0.5 0.063 -0.337994 -0.00572307 -0.204267 0.517674
0.5 0.064 -0.339778 -0.0061275 -0.203806 0.514033
0.5 0.065 -0.341479 -0.00654564 -0.203345 0.510542
0.5 0.066 -0.343096 -0.00697749 -0.202884 0.507201
0.5 0.067 -0.344674 -0.00724726 -0.202492 0.504118
0.5 0.068 -0.34628 -0.00717748 -0.202238 0.501358
0.5 0.069 -0.347832 -0.0071189 -0.201984 0.498681
0.5 0.07 -0.34933 -0.0070715 -0.201731 0.496087
0.5 0.071 -0.350774 -0.00703531 -0.201477 0.493576
0.5 0.072 -0.352164 -0.0070103 -0.201224 0.491148
0.5 0.073 -0.3535 -0.00699649 -0.20097 0.488804
0.5 0.074 -0.354782 -0.00699388 -0.200716 0.486542
0.5 0.075 -0.356009 -0.00700246 -0.200463 0.484364
0.5 0.076 -0.357183 -0.00702223 -0.200209 0.482269
0.5 0.077 -0.358303 -0.00705319 -0.199956 0.480257
0.5 0.078 -0.359369 -0.00709535 -0.199702 0.478328
0.5 0.079 -0.360381 -0.00714871 -0.199448 0.476482
0.5 0.08 -0.361339 -0.00721326 -0.199195 0.47472
0.5 0.081 -0.362243 -0.007289 -0.198941 0.47304
0.5 0.082 -0.363093 -0.00737593 -0.198688 0.471444
0.5 0.083 -0.363889 -0.00747406 -0.198434 0.469931
0.5 0.084 -0.364631 -0.00758338 -0.19818 0.468501
0.5 0.085 -0.365319 -0.0077039 -0.197927 0.467154
0.5 0.086 -0.365953 -0.00783561 -0.197673 0.46589
0.5 0.087 -0.366533 -0.00797851 -0.19742 0.46471
0.5 0.088 -0.367059 -0.00813261 -0.197166 0.463612
0.5 0.089 -0.367531 -0.0082979 -0.196912 0.462598
0.5 0.09 -0.367949 -0.00847439 -0.196659 0.461666
0.5 0.091 -0.368314 -0.00866207 -0.196405 0.460818
0.5 0.092 -0.368624 -0.00886094 -0.196152 0.460053
0.5 0.093 -0.36888 -0.00907101 -0.195898 0.459371
0.5 0.094 -0.369082 -0.00929227 -0.195644 0.458773
0.5 0.095 -0.36923 -0.00952473 -0.195391 0.458257
0.5 0.096 -0.369324 -0.00976838 -0.195137 0.457825
0.5 0.097 -0.369364 -0.0100232 -0.194884 0.457475
0.5 0.098 -0.36935 -0.0102893 -0.19463 0.457209
0.5 0.099 -0.369283 -0.0105665 -0.194376 0.457026
0.5 0.1 -0.369161 -0.0108549 -0.194123 0.456926
0.5 0.101 -0.368944 -0.0108016 -0.193914 0.456718
0.5 0.102 -0.368693 -0.0107544 -0.193706 0.456532
0.5 0.103 -0.368409 -0.0107131 -0.193498 0.45637
0.5 0.104 -0.368092 -0.0106779 -0.19329 0.456231
0.5 0.105 -0.367742 -0.0106487 -0.193081 0.456116
0.5 0.106 -0.367359 -0.0106256 -0.192873 0.456024
0.5 0.107 -0.366943 -0.0106085 -0.192665 0.455955
0.5 0.108 -0.366493 -0.0105974 -0.192456 0.45591
0.5 0.109 -0.36601 -0.0105923 -0.192248 0.455888
0.5 0.11 -0.365494 -0.0105933 -0.19204 0.455889
0.5 0.111 -0.364945 -0.0106003 -0.191832 0.455914
0.5 0.112 -0.364362 -0.0106133 -0.191623 0.455962
0.5 0.113 -0.363747 -0.0106324 -0.191415 0.456033
0.5 0.114 -0.363098 -0.0106574 -0.191207 0.456128
0.5 0.115 -0.362416 -0.0106885 -0.190998 0.456246
0.5 0.116 -0.361701 -0.0107257 -0.19079 0.456388
0.5 0.117 -0.360952 -0.0107688 -0.190582 0.456552
0.5 0.118 -0.360171 -0.010818 -0.190374 0.45674
0.5 0.119 -0.359356 -0.0108733 -0.190165 0.456952
0.5 0.12 -0.358508 -0.0109345 -0.189957 0.457187
0.5 0.121 -0.357627 -0.0110018 -0.189749 0.457445
0.5 0.122 -0.356712 -0.0110751 -0.18954 0.457727
0.5 0.123 -0.355765 -0.0111544 -0.189332 0.458032
0.5 0.124 -0.354784 -0.0112398 -0.189124 0.45836
0.5 0.125 -0.35377 -0.0113312 -0.188915 0.458711
0.5 0.126 -0.352723 -0.0114286 -0.188707 0.459086
0.5 0.127 -0.351643 -0.011532 -0.188499 0.459485
0.5 0.128 -0.350529 -0.0116415 -0.188291 0.459906
0.5 0.129 -0.349382 -0.011757 -0.188082 0.460351
0.5 0.13 -0.348202 -0.0118786 -0.187874 0.46082
0.5 0.131 -0.346989 -0.0120061 -0.187666 0.461311
0.5 0.132 -0.345743 -0.0121397 -0.187457 0.461826
0.5 0.133 -0.344463 -0.0122793 -0.187249 0.462365
0.5 0.134 -0.343173 -0.0123166 -0.187017 0.462879
0.5 0.135 -0.341882 -0.0123025 -0.186772 0.463374
0.5 0.136 -0.340584 -0.0122905 -0.186527 0.46387
0.5 0.137 -0.339279 -0.0122806 -0.186282 0.464368
0.5 0.138 -0.337967 -0.0122728 -0.186038 0.464867
0.5 0.139 -0.336647 -0.0122671 -0.185793 0.465368
0.5 0.14 -0.335321 -0.0122635 -0.185548 0.465869
0.5 0.141 -0.333988 -0.012262 -0.185303 0.466373
0.5 0.142 -0.332647 -0.0122626 -0.185059 0.466877
0.5 0.143 -0.3313 -0.0122652 -0.184814 0.467383
0.5 0.144 -0.329945 -0.01227 -0.184569 0.46789
0.5 0.145 -0.328584 -0.0122769 -0.184324 0.468399
0.5 0.146 -0.327215 -0.0122859 -0.18408 0.468909
0.5 0.147 -0.32584 -0.012297 -0.183835 0.469421
0.5 0.148 -0.324457 -0.0123102 -0.18359 0.469933
0.5 0.149 -0.323067 -0.0123254 -0.183346 0.470448
0.5 0.15 -0.32167 -0.0123428 -0.183101 0.470963
0.5 0.151 -0.320266 -0.0123623 -0.182856 0.47148
0.5 0.152 -0.318855 -0.0123839 -0.182611 0.471998
0.5 0.153 -0.317437 -0.0124075 -0.182367 0.472518
0.5 0.154 -0.316012 -0.0124333 -0.182122 0.473039
0.5 0.155 -0.31458 -0.0124612 -0.181877 0.473561
0.5 0.156 -0.313141 -0.0124912 -0.181632 0.474085
0.5 0.157 -0.311694 -0.0125232 -0.181388 0.47461
0.5 0.158 -0.310241 -0.0125574 -0.181143 0.475136
0.5 0.159 -0.30878 -0.0125937 -0.180898 0.475664
0.5 0.16 -0.307313 -0.012632 -0.180653 0.476193
0.5 0.161 -0.305838 -0.0126725 -0.180409 0.476724
0.5 0.162 -0.304357 -0.0127151 -0.180164 0.477256
0.5 0.163 -0.302868 -0.0127597 -0.179919 0.477789
0.5 0.164 -0.301372 -0.0128065 -0.179675 0.478324
0.5 0.165 -0.29987 -0.0128553 -0.17943 0.47886
0.5 0.166 -0.29836 -0.0129063 -0.179185 0.479397
0.5 0.167 -0.296856 -0.0129519 -0.178922 0.479925
0.5 0.168 -0.29538 -0.0129826 -0.178621 0.480427
0.5 0.169 -0.293911 -0.0130123 -0.178321 0.480923
0.5 0.17 -0.292447 -0.0130412 -0.17802 0.481414
0.5 0.171 -0.29099 -0.0130692 -0.17772 0.481899
0.5 0.172 -0.289538 -0.0130963 -0.177419 0.482377
0.5 0.173 -0.288093 -0.0131225 -0.177119 0.48285
0.5 0.174 -0.286654 -0.0131477 -0.176818 0.483317
0.5 0.175 -0.285221 -0.0131721 -0.176518 0.483778
0.5 0.176 -0.283793 -0.0131956 -0.176217 0.484233
0.5 0.177 -0.282372 -0.0132182 -0.175917 0.484683
0.5 0.178 -0.280957 -0.0132398 -0.175616 0.485126
0.5 0.179 -0.279548 -0.0132606 -0.175316 0.485564
0.5 0.18 -0.278145 -0.0132805 -0.175015 0.485996
0.5 0.181 -0.276748 -0.0132995 -0.174715 0.486421
0.5 0.182 -0.275358 -0.0133175 -0.174414 0.486841
0.5 0.183 -0.273973 -0.0133347 -0.174114 0.487255
0.5 0.184 -0.272594 -0.013351 -0.173813 0.487664
0.5 0.185 -0.271222 -0.0133663 -0.173513 0.488066
0.5 0.186 -0.269855 -0.0133808 -0.173212 0.488462
0.5 0.187 -0.268494 -0.0133944 -0.172912 0.488853
0.5 0.188 -0.26714 -0.013407 -0.172611 0.489238
0.5 0.189 -0.265792 -0.0134188 -0.17231 0.489616
0.5 0.19 -0.264449 -0.0134296 -0.17201 0.489989
0.5 0.191 -0.263113 -0.0134396 -0.171709 0.490356
0.5 0.192 -0.261783 -0.0134487 -0.171409 0.490718
0.5 0.193 -0.260458 -0.0134568 -0.171108 0.491073
0.5 0.194 -0.25914 -0.0134641 -0.170808 0.491422
0.5 0.195 -0.257828 -0.0134704 -0.170507 0.491766
0.5 0.196 -0.256522 -0.0134759 -0.170207 0.492104
0.5 0.197 -0.255222 -0.0134804 -0.169906 0.492435
0.5 0.198 -0.253928 -0.0134841 -0.169606 0.492761
0.5 0.199 -0.252641 -0.0134868 -0.169305 0.493081
0.5 0.2 -0.251359 -0.0134887 -0.169005 0.493396
0.5 0.201 -0.250101 -0.0135193 -0.168661 0.493693
0.5 0.202 -0.248851 -0.0135483 -0.168317 0.493984
0.5 0.203 -0.247609 -0.0135758 -0.167973 0.49427
0.5 0.204 -0.246374 -0.0136017 -0.16763 0.49455
0.5 0.205 -0.245147 -0.0136261 -0.167286 0.494825
0.5 0.206 -0.243927 -0.0136489 -0.166942 0.495095
0.5 0.207 -0.242714 -0.0136701 -0.166598 0.495359
0.5 0.208 -0.241509 -0.0136898 -0.166254 0.495617
0.5 0.209 -0.240312 -0.0137079 -0.16591 0.49587
0.5 0.21 -0.239122 -0.0137244 -0.165567 0.496118
0.5 0.211 -0.237939 -0.0137394 -0.165223 0.49636
0.5 0.212 -0.236764 -0.0137528 -0.164879 0.496597
0.5 0.213 -0.235597 -0.0137646 -0.164535 0.496828
0.5 0.214 -0.234437 -0.0137749 -0.164191 0.497053
0.5 0.215 -0.233285 -0.0137836 -0.163848 0.497273
0.5 0.216 -0.23214 -0.0137908 -0.163504 0.497488
0.5 0.217 -0.231002 -0.0137964 -0.16316 0.497697
0.5 0.218 -0.229872 -0.0138004 -0.162816 0.4979
0.5 0.219 -0.22875 -0.0138029 -0.162472 0.498098
0.5 0.22 -0.227635 -0.0138038 -0.162129 0.498291
0.5 0.221 -0.226528 -0.0138031 -0.161785 0.498478
0.5 0.222 -0.225428 -0.0138009 -0.161441 0.498659
0.5 0.223 -0.224335 -0.0137971 -0.161097 0.498835
0.5 0.224 -0.223251 -0.0137918 -0.160753 0.499006
0.5 0.225 -0.222173 -0.0137849 -0.160409 0.499171
0.5 0.226 -0.221103 -0.0137764 -0.160066 0.49933
0.5 0.227 -0.220041 -0.0137664 -0.159722 0.499484
0.5 0.228 -0.218986 -0.0137548 -0.159378 0.499633
0.5 0.229 -0.217939 -0.0137416 -0.159034 0.499776
0.5 0.23 -0.216899 -0.0137269 -0.15869 0.499914
0.5 0.231 -0.215866 -0.0137106 -0.158347 0.500046
0.5 0.232 -0.214842 -0.0136927 -0.158003 0.500172
0.5 0.233 -0.213824 -0.0136733 -0.157659 0.500293
0.5 0.234 -0.212815 -0.0136713 -0.157296 0.500409
0.5 0.235 -0.211811 -0.0136776 -0.156925 0.500521
0.5 0.236 -0.210812 -0.0136826 -0.156553 0.50063
0.5 0.237 -0.209818 -0.0136864 -0.156181 0.500736
0.5 0.238 -0.208829 -0.0136889 -0.155809 0.500839
0.5 0.239 -0.207844 -0.0136902 -0.155437 0.500939
0.5 0.24 -0.206864 -0.0136903 -0.155066 0.501035
0.5 0.241 -0.205889 -0.0136891 -0.154694 0.501129
0.5 0.242 -0.204919 -0.0136867 -0.154322 0.501219
0.5 0.243 -0.203953 -0.0136831 -0.15395 0.501306
0.5 0.244 -0.202992 -0.0136782 -0.153578 0.50139
0.5 0.245 -0.202036 -0.0136721 -0.153207 0.501471
0.5 0.246 -0.201085 -0.0136647 -0.152835 0.501548
0.5 0.247 -0.200138 -0.0136561 -0.152463 0.501623
0.5 0.248 -0.199196 -0.0136463 -0.152091 0.501694
0.5 0.249 -0.198259 -0.0136352 -0.151719 0.501763
0.5 0.25 -0.197327 -0.0136229 -0.151348 0.501828
0.5 0.251 -0.196399 -0.0136094 -0.150976 0.50189
0.5 0.252 -0.195476 -0.0135946 -0.150604 0.501948
0.5 0.253 -0.194558 -0.0135786 -0.150232 0.502004
0.5 0.254 -0.193644 -0.0135614 -0.14986 0.502057
0.5 0.255 -0.192736 -0.0135429 -0.149488 0.502106
0.5 0.256 -0.191832 -0.0135232 -0.149117 0.502152
0.5 0.257 -0.190932 -0.0135022 -0.148745 0.502195
0.5 0.258 -0.190038 -0.01348 -0.148373 0.502235
0.5 0.259 -0.189148 -0.0134566 -0.148001 0.502272
0.5 0.26 -0.188263 -0.0134319 -0.147629 0.502306
0.5 0.261 -0.187383 -0.013406 -0.147258 0.502336
0.5 0.262 -0.186508 -0.0133789 -0.146886 0.502364
0.5 0.263 -0.185637 -0.0133505 -0.146514 0.502388
0.5 0.264 -0.184771 -0.0133209 -0.146142 0.502409
0.5 0.265 -0.18391 -0.01329 -0.14577 0.502427
0.5 0.266 -0.183053 -0.013258 -0.145399 0.502442
0.5 0.267 -0.182201 -0.0132294 -0.145021 0.502454
0.5 0.268 -0.181348 -0.0132095 -0.14463 0.502467
0.5 0.269 -0.180498 -0.0131889 -0.144239 0.502478
0.5 0.27 -0.17965 -0.0131676 -0.143849 0.502489
0.5 0.271 -0.178804 -0.0131455 -0.143458 0.502498
0.5 0.272 -0.17796 -0.0131227 -0.143068 0.502506
0.5 0.273 -0.177118 -0.0130991 -0.142677 0.502512
0.5 0.274 -0.176278 -0.0130749 -0.142286 0.502518
0.5 0.275 -0.17544 -0.0130499 -0.141896 0.502522
0.5 0.276 -0.174605 -0.0130242 -0.141505 0.502525
0.5 0.277 -0.173771 -0.0129977 -0.141115 0.502527
0.5 0.278 -0.17294 -0.0129705 -0.140724 0.502527
0.5 0.279 -0.172111 -0.0129426 -0.140333 0.502527
0.5 0.28 -0.171283 -0.012914 -0.139943 0.502525
0.5 0.281 -0.170458 -0.0128846 -0.139552 0.502522
0.5 0.282 -0.169635 -0.0128545 -0.139162 0.502517
0.5 0.283 -0.168814 -0.0128237 -0.138771 0.502512
0.5 0.284 -0.167995 -0.0127921 -0.138381 0.502505
0.5 0.285 -0.167179 -0.0127598 -0.13799 0.502497
0.5 0.286 -0.166364 -0.0127268 -0.137599 0.502488
0.5 0.287 -0.165551 -0.012693 -0.137209 0.502478
0.5 0.288 -0.164741 -0.0126586 -0.136818 0.502467
0.5 0.289 -0.163932 -0.0126234 -0.136428 0.502454
0.5 0.29 -0.163126 -0.0125874 -0.136037 0.50244
0.5 0.291 -0.162322 -0.0125508 -0.135646 0.502425
0.5 0.292 -0.16152 -0.0125134 -0.135256 0.502408
0.5 0.293 -0.16072 -0.0124752 -0.134865 0.502391
0.5 0.294 -0.159922 -0.0124364 -0.134475 0.502372
0.5 0.295 -0.159126 -0.0123968 -0.134084 0.502352
0.5 0.296 -0.158332 -0.0123565 -0.133693 0.502331
0.5 0.297 -0.15754 -0.0123154 -0.133303 0.502308
0.5 0.298 -0.156751 -0.0122737 -0.132912 0.502285
0.5 0.299 -0.155963 -0.0122312 -0.132522 0.50226
0.5 0.3 -0.155178 -0.0121879 -0.132131 0.502234
0.5 0.301 -0.154391 -0.0121473 -0.131725 0.50221
0.5 0.302 -0.153604 -0.0121064 -0.131319 0.502185
0.5 0.303 -0.152818 -0.012065 -0.130914 0.502161
0.5 0.304 -0.152033 -0.0120234 -0.130508 0.502136
0.5 0.305 -0.151248 -0.0119814 -0.130102 0.502111
0.5 0.306 -0.150464 -0.011939 -0.129696 0.502086
0.5 0.307 -0.149681 -0.0118964 -0.12929 0.502061
0.5 0.308 -0.148898 -0.0118533 -0.128884 0.502035
0.5 0.309 -0.148115 -0.0118099 -0.128478 0.50201
0.5 0.31 -0.147333 -0.0117662 -0.128073 0.501984
0.5 0.311 -0.146552 -0.0117221 -0.127667 0.501959
0.5 0.312 -0.145771 -0.0116777 -0.127261 0.501933
0.5 0.313 -0.144991 -0.0116329 -0.126855 0.501906
0.5 0.314 -0.144212 -0.0115878 -0.126449 0.50188
0.5 0.315 -0.143433 -0.0115423 -0.126043 0.501854
0.5 0.316 -0.142655 -0.0114965 -0.125638 0.501827
0.5 0.317 -0.141877 -0.0114504 -0.125232 0.501801
0.5 0.318 -0.1411 -0.0114039 -0.124826 0.501774
0.5 0.319 -0.140323 -0.011357 -0.12442 0.501747
0.5 0.32 -0.139547 -0.0113098 -0.124014 0.50172
0.5 0.321 -0.138772 -0.0112623 -0.123608 0.501692
0.5 0.322 -0.137997 -0.0112144 -0.123202 0.501665
0.5 0.323 -0.137223 -0.0111661 -0.122797 0.501637
0.5 0.324 -0.136449 -0.0111175 -0.122391 0.50161
0.5 0.325 -0.135676 -0.0110686 -0.121985 0.501582
0.5 0.326 -0.134904 -0.0110193 -0.121579 0.501554
0.5 0.327 -0.134132 -0.0109697 -0.121173 0.501525
0.5 0.328 -0.13336 -0.0109197 -0.120767 0.501497
0.5 0.329 -0.13259 -0.0108694 -0.120362 0.501469
0.5 0.33 -0.13182 -0.0108188 -0.119956 0.50144
0.5 0.331 -0.13105 -0.0107678 -0.11955 0.501411
0.5 0.332 -0.130281 -0.0107164 -0.119144 0.501382
0.5 0.333 -0.129513 -0.0106647 -0.118738 0.501353
0.5 0.334 -0.128744 -0.0106112 -0.118322 0.501325
0.5 0.335 -0.127974 -0.0105567 -0.117901 0.501297
0.5 0.336 -0.127204 -0.0105022 -0.117481 0.50127
0.5 0.337 -0.126435 -0.0104475 -0.11706 0.501243
0.5 0.338 -0.125665 -0.0103927 -0.116639 0.501217
0.5 0.339 -0.124895 -0.0103378 -0.116218 0.50119
0.5 0.34 -0.124125 -0.0102827 -0.115797 0.501164
0.5 0.341 -0.123356 -0.0102276 -0.115377 0.501138
0.5 0.342 -0.122586 -0.0101723 -0.114956 0.501112
0.5 0.343 -0.121816 -0.0101168 -0.114535 0.501087
0.5 0.344 -0.121046 -0.0100613 -0.114114 0.501062
0.5 0.345 -0.120277 -0.0100056 -0.113693 0.501037
0.5 0.346 -0.119507 -0.00994984 -0.113272 0.501012
0.5 0.347 -0.118737 -0.00989393 -0.112852 0.500988
0.5 0.348 -0.117967 -0.00983789 -0.112431 0.500963
0.5 0.349 -0.117197 -0.00978172 -0.11201 0.500939
0.5 0.35 -0.116428 -0.00972544 -0.111589 0.500916
0.5 0.351 -0.115658 -0.00966903 -0.111168 0.500892
0.5 0.352 -0.114888 -0.00961249 -0.110747 0.500869
0.5 0.353 -0.114118 -0.00955583 -0.110327 0.500846
0.5 0.354 -0.113348 -0.00949905 -0.109906 0.500823
0.5 0.355 -0.112578 -0.00944214 -0.109485 0.500801
0.5 0.356 -0.111808 -0.00938511 -0.109064 0.500779
0.5 0.357 -0.111039 -0.00932796 -0.108643 0.500757
0.5 0.358 -0.110269 -0.00927068 -0.108223 0.500735
0.5 0.359 -0.109499 -0.00921327 -0.107802 0.500713
0.5 0.36 -0.108729 -0.00915575 -0.107381 0.500692
0.5 0.361 -0.107959 -0.0090981 -0.10696 0.500671
0.5 0.362 -0.107189 -0.00904032 -0.106539 0.50065
0.5 0.363 -0.106419 -0.00898242 -0.106118 0.50063
0.5 0.364 -0.105649 -0.0089244 -0.105698 0.50061
0.5 0.365 -0.104879 -0.00886626 -0.105277 0.50059
0.5 0.366 -0.104109 -0.00880799 -0.104856 0.50057
0.5 0.367 -0.103339 -0.00874836 -0.10443 0.500551
0.5 0.368 -0.102568 -0.0086862 -0.103993 0.500532
0.5 0.369 -0.101797 -0.00862403 -0.103556 0.500514
0.5 0.37 -0.101026 -0.00856184 -0.103119 0.500496
0.5 0.371 -0.100254 -0.00849962 -0.102683 0.500478
0.5 0.372 -0.0994829 -0.00843739 -0.102246 0.500461
0.5 0.373 -0.0987113 -0.00837514 -0.101809 0.500444
0.5 0.374 -0.0979396 -0.00831286 -0.101372 0.500427
0.5 0.375 -0.0971678 -0.00825057 -0.100935 0.500411
0.5 0.376 -0.0963959 -0.00818826 -0.100499 0.500395
0.5 0.377 -0.0956238 -0.00812593 -0.100062 0.500379
0.5 0.378 -0.0948516 -0.00806357 -0.0996249 0.500363
0.5 0.379 -0.0940792 -0.0080012 -0.0991881 0.500348
0.5 0.38 -0.0933068 -0.00793881 -0.0987513 0.500333
0.5 0.381 -0.0925342 -0.0078764 -0.0983145 0.500318
0.5 0.382 -0.0917614 -0.00781397 -0.0978777 0.500304
0.5 0.383 -0.0909886 -0.00775152 -0.0974409 0.50029
0.5 0.384 -0.0902156 -0.00768905 -0.0970041 0.500276
0.5 0.385 -0.0894425 -0.00762655 -0.0965673 0.500262
0.5 0.386 -0.0886692 -0.00756404 -0.0961305 0.500249
0.5 0.387 -0.0878958 -0.00750151 -0.0956936 0.500236
0.5 0.388 -0.0871223 -0.00743896 -0.0952568 0.500223
0.5 0.389 -0.0863487 -0.00737639 -0.09482 0.500211
0.5 0.39 -0.0855749 -0.0073138 -0.0943832 0.500199
0.5 0.391 -0.084801 -0.00725119 -0.0939464 0.500187
0.5 0.392 -0.084027 -0.00718856 -0.0935096 0.500176
0.5 0.393 -0.0832528 -0.00712591 -0.0930728 0.500165
0.5 0.394 -0.0824786 -0.00706324 -0.092636 0.500154
0.5 0.395 -0.0817041 -0.00700055 -0.0921992 0.500143
0.5 0.396 -0.0809296 -0.00693785 -0.0917624 0.500133
0.5 0.397 -0.0801549 -0.00687512 -0.0913256 0.500123
0.5 0.398 -0.0793801 -0.00681237 -0.0908888 0.500113
0.5 0.399 -0.0786052 -0.0067496 -0.090452 0.500104
0.5 0.4 -0.0778301 -0.00668681 -0.0900152 0.500094
0.5 0.401 -0.0770547 -0.00662085 -0.0895612 0.500086
0.5 0.402 -0.0762791 -0.00655491 -0.0891072 0.500077
0.5 0.403 -0.0755035 -0.00648898 -0.0886533 0.500069
0.5 0.404 -0.0747277 -0.00642306 -0.0881993 0.500061
0.5 0.405 -0.0739519 -0.00635716 -0.0877453 0.500053
0.5 0.406 -0.073176 -0.00629128 -0.0872914 0.500046
0.5 0.407 -0.0724001 -0.00622541 -0.0868374 0.500038
0.5 0.408 -0.071624 -0.00615956 -0.0863834 0.500031
0.5 0.409 -0.0708479 -0.00609372 -0.0859295 0.500024
0.5 0.41 -0.0700716 -0.0060279 -0.0854755 0.500017
0.5 0.411 -0.0692953 -0.0059621 -0.0850215 0.500011
0.5 0.412 -0.0685189 -0.0058963 -0.0845676 0.500004
0.5 0.413 -0.0677424 -0.00583053 -0.0841136 0.499998
0.5 0.414 -0.0669659 -0.00576477 -0.0836596 0.499992
0.5 0.415 -0.0661892 -0.00569903 -0.0832056 0.499986
0.5 0.416 -0.0654125 -0.0056333 -0.0827517 0.499981
0.5 0.417 -0.0646357 -0.00556759 -0.0822977 0.499975
0.5 0.418 -0.0638588 -0.00550189 -0.0818437 0.49997
0.5 0.419 -0.0630818 -0.00543621 -0.0813898 0.499965
0.5 0.42 -0.0623047 -0.00537054 -0.0809358 0.499961
0.5 0.421 -0.0615276 -0.00530489 -0.0804818 0.499956
0.5 0.422 -0.0607503 -0.00523926 -0.0800279 0.499952
0.5 0.423 -0.059973 -0.00517364 -0.0795739 0.499948
0.5 0.424 -0.0591956 -0.00510803 -0.0791199 0.499944
0.5 0.425 -0.0584181 -0.00504245 -0.078666 0.49994
0.5 0.426 -0.0576406 -0.00497687 -0.078212 0.499937
0.5 0.427 -0.0568629 -0.00491132 -0.077758 0.499934
0.5 0.428 -0.0560852 -0.00484577 -0.0773041 0.499931
0.5 0.429 -0.0553073 -0.00478025 -0.0768501 0.499928
0.5 0.43 -0.0545294 -0.00471474 -0.0763961 0.499925
0.5 0.431 -0.0537514 -0.00464924 -0.0759422 0.499923
0.5 0.432 -0.0529734 -0.00458376 -0.0754882 0.499921
0.5 0.433 -0.0521952 -0.0045183 -0.0750342 0.499919
0.5 0.434 -0.0514169 -0.0044515 -0.0745682 0.499917
0.5 0.435 -0.0506386 -0.00438404 -0.0740962 0.499915
0.5 0.436 -0.0498602 -0.0043166 -0.0736241 0.499914
0.5 0.437 -0.0490818 -0.00424917 -0.0731521 0.499912
0.5 0.438 -0.0483034 -0.00418177 -0.0726801 0.499911
0.5 0.439 -0.0475249 -0.00411438 -0.072208 0.49991
0.5 0.44 -0.0467464 -0.00404701 -0.071736 0.499909
0.5 0.441 -0.0459679 -0.00397966 -0.071264 0.499908
0.5 0.442 -0.0451894 -0.00391232 -0.0707919 0.499907
0.5 0.443 -0.0444108 -0.00384501 -0.0703199 0.499906
0.5 0.444 -0.0436322 -0.00377771 -0.0698479 0.499905
0.5 0.445 -0.0428536 -0.00371043 -0.0693758 0.499905
0.5 0.446 -0.0420749 -0.00364316 -0.0689038 0.499904
0.5 0.447 -0.0412962 -0.00357592 -0.0684318 0.499904
0.5 0.448 -0.0405175 -0.00350869 -0.0679597 0.499904
0.5 0.449 -0.0397388 -0.00344148 -0.0674877 0.499904
0.5 0.45 -0.03896 -0.00337428 -0.0670156 0.499904
0.5 0.451 -0.0381813 -0.00330711 -0.0665436 0.499904
0.5 0.452 -0.0374024 -0.00323995 -0.0660716 0.499904
0.5 0.453 -0.0366236 -0.00317281 -0.0655995 0.499904
0.5 0.454 -0.0358447 -0.00310569 -0.0651275 0.499905
0.5 0.455 -0.0350658 -0.00303858 -0.0646555 0.499905
0.5 0.456 -0.0342869 -0.0029715 -0.0641834 0.499906
0.5 0.457 -0.033508 -0.00290443 -0.0637114 0.499907
0.5 0.458 -0.032729 -0.00283737 -0.0632394 0.499907
0.5 0.459 -0.03195 -0.00277034 -0.0627673 0.499908
0.5 0.46 -0.031171 -0.00270332 -0.0622953 0.49991
0.5 0.461 -0.0303919 -0.00263633 -0.0618233 0.499911
0.5 0.462 -0.0296128 -0.00256934 -0.0613512 0.499912
0.5 0.463 -0.0288337 -0.00250238 -0.0608792 0.499913
0.5 0.464 -0.0280546 -0.00243544 -0.0604072 0.499915
0.5 0.465 -0.0272754 -0.00236851 -0.0599351 0.499917
0.5 0.466 -0.0264962 -0.0023016 -0.0594631 0.499918
0.5 0.467 -0.025717 -0.00223439 -0.0589849 0.49992
0.5 0.468 -0.0249377 -0.00216657 -0.0584942 0.499922
0.5 0.469 -0.0241585 -0.00209876 -0.0580036 0.499924
0.5 0.47 -0.0233792 -0.00203095 -0.057513 0.499926
0.5 0.471 -0.0226 -0.00196315 -0.0570224 0.499928
0.5 0.472 -0.0218207 -0.00189536 -0.0565317 0.49993
0.5 0.473 -0.0210414 -0.00182758 -0.0560411 0.499932
0.5 0.474 -0.0202622 -0.0017598 -0.0555505 0.499934
0.5 0.475 -0.0194829 -0.00169203 -0.0550599 0.499936
0.5 0.476 -0.0187036 -0.00162426 -0.0545693 0.499938
0.5 0.477 -0.0179243 -0.00155651 -0.0540786 0.499941
0.5 0.478 -0.0171451 -0.00148876 -0.053588 0.499943
0.5 0.479 -0.0163658 -0.00142101 -0.0530974 0.499945
0.5 0.48 -0.0155865 -0.00135328 -0.0526068 0.499947
0.5 0.481 -0.0148072 -0.00128555 -0.0521161 0.49995
0.5 0.482 -0.0140279 -0.00121782 -0.0516255 0.499952
0.5 0.483 -0.0132486 -0.00115011 -0.0511349 0.499954
0.5 0.484 -0.0124693 -0.0010824 -0.0506443 0.499957
0.5 0.485 -0.01169 -0.0010147 -0.0501537 0.499959
0.5 0.486 -0.0109107 -0.000947001 -0.049663 0.499962
0.5 0.487 -0.0101314 -0.000879313 -0.0491724 0.499964
0.5 0.488 -0.00935206 -0.000811632 -0.0486818 0.499967
0.5 0.489 -0.00857274 -0.000743958 -0.0481912 0.499969
0.5 0.49 -0.00779342 -0.000676291 -0.0477005 0.499972
0.5 0.491 -0.00701409 -0.000608631 -0.0472099 0.499975
0.5 0.492 -0.00623476 -0.000540977 -0.0467193 0.499977
0.5 0.493 -0.00545543 -0.000473331 -0.0462287 0.49998
0.5 0.494 -0.00467609 -0.000405691 -0.0457381 0.499983
0.5 0.495 -0.00389675 -0.000338059 -0.0452474 0.499986
0.5 0.496 -0.00311741 -0.000270433 -0.0447568 0.499988
0.5 0.497 -0.00233806 -0.000202814 -0.0442662 0.499991
0.5 0.498 -0.00155871 -0.000135203 -0.0437756 0.499994
0.5 0.499 -0.000779358 -6.75979e-05 -0.0432849 0.499997
0.5 0.5 -1.55776e-09 -9.7953e-11 -0.0427943 0.5
0.5 0.501 0.000779355 6.75978e-05 -0.0422849 0.500003
0.5 0.502 0.00155871 0.000135203 -0.0417756 0.500006
0.5 0.503 0.00233806 0.000202814 -0.0412662 0.500009
0.5 0.504 0.00311741 0.000270433 -0.0407568 0.500012
0.5 0.505 0.00389675 0.000338059 -0.0402474 0.500014
0.5 0.506 0.00467609 0.000405691 -0.0397381 0.500017
0.5 0.507 0.00545542 0.000473331 -0.0392287 0.50002
0.5 0.508 0.00623476 0.000540977 -0.0387193 0.500023
0.5 0.509 0.00701409 0.00060863 -0.0382099 0.500025
0.5 0.51 0.00779341 0.000676291 -0.0377005 0.500028
0.5 0.511 0.00857274 0.000743958 -0.0371912 0.500031
0.5 0.512 0.00935205 0.000811632 -0.0366818 0.500033
0.5 0.513 0.0101314 0.000879313 -0.0361724 0.500036
0.5 0.514 0.0109107 0.000947001 -0.035663 0.500038
0.5 0.515 0.01169 0.0010147 -0.0351537 0.500041
0.5 0.516 0.0124693 0.0010824 -0.0346443 0.500043
0.5 0.517 0.0132486 0.00115011 -0.0341349 0.500046
0.5 0.518 0.0140279 0.00121782 -0.0336255 0.500048
0.5 0.519 0.0148072 0.00128555 -0.0331161 0.50005
0.5 0.52 0.0155865 0.00135328 -0.0326068 0.500053
0.5 0.521 0.0163658 0.00142101 -0.0320974 0.500055
0.5 0.522 0.0171451 0.00148876 -0.031588 0.500057
0.5 0.523 0.0179243 0.00155651 -0.0310786 0.500059
0.5 0.524 0.0187036 0.00162426 -0.0305693 0.500062
0.5 0.525 0.0194829 0.00169203 -0.0300599 0.500064
0.5 0.526 0.0202622 0.0017598 -0.0295505 0.500066
0.5 0.527 0.0210414 0.00182758 -0.0290411 0.500068
0.5 0.528 0.0218207 0.00189536 -0.0285317 0.50007
0.5 0.529 0.0226 0.00196315 -0.0280224 0.500072
0.5 0.53 0.0233792 0.00203095 -0.027513 0.500074
0.5 0.531 0.0241585 0.00209876 -0.0270036 0.500076
0.5 0.532 0.0249377 0.00216657 -0.0264942 0.500078
0.5 0.533 0.025717 0.00223439 -0.0259849 0.50008
0.5 0.534 0.0264962 0.0023016 -0.0254631 0.500082
0.5 0.535 0.0272754 0.00236851 -0.0249351 0.500083
0.5 0.536 0.0280546 0.00243544 -0.0244072 0.500085
0.5 0.537 0.0288337 0.00250238 -0.0238792 0.500087
0.5 0.538 0.0296128 0.00256934 -0.0233512 0.500088
0.5 0.539 0.0303919 0.00263633 -0.0228233 0.500089
0.5 0.54 0.031171 0.00270332 -0.0222953 0.50009
0.5 0.541 0.03195 0.00277034 -0.0217673 0.500092
0.5 0.542 0.032729 0.00283737 -0.0212394 0.500093
0.5 0.543 0.033508 0.00290443 -0.0207114 0.500093
0.5 0.544 0.0342869 0.0029715 -0.0201834 0.500094
0.5 0.545 0.0350658 0.00303858 -0.0196555 0.500095
0.5 0.546 0.0358447 0.00310569 -0.0191275 0.500095
0.5 0.547 0.0366236 0.00317281 -0.0185995 0.500096
0.5 0.548 0.0374024 0.00323995 -0.0180716 0.500096
0.5 0.549 0.0381813 0.00330711 -0.0175436 0.500096
0.5 0.55 0.03896 0.00337428 -0.0170156 0.500096
0.5 0.551 0.0397388 0.00344148 -0.0164877 0.500096
0.5 0.552 0.0405175 0.00350869 -0.0159597 0.500096
0.5 0.553 0.0412962 0.00357592 -0.0154318 0.500096
0.5 0.554 0.0420749 0.00364316 -0.0149038 0.500096
0.5 0.555 0.0428536 0.00371043 -0.0143758 0.500095
0.5 0.556 0.0436322 0.00377771 -0.0138479 0.500095
0.5 0.557 0.0444108 0.00384501 -0.0133199 0.500094
0.5 0.558 0.0451894 0.00391232 -0.0127919 0.500093
0.5 0.559 0.0459679 0.00397966 -0.012264 0.500092
0.5 0.56 0.0467464 0.00404701 -0.011736 0.500091
0.5 0.561 0.0475249 0.00411438 -0.011208 0.50009
0.5 0.562 0.0483033 0.00418177 -0.0106801 0.500089
0.5 0.563 0.0490818 0.00424917 -0.0101521 0.500088
0.5 0.564 0.0498602 0.0043166 -0.00962413 0.500086
0.5 0.565 0.0506386 0.00438404 -0.00909617 0.500085
0.5 0.566 0.0514169 0.0044515 -0.0085682 0.500083
0.5 0.567 0.0521952 0.0045183 -0.00803421 0.500081
0.5 0.568 0.0529734 0.00458376 -0.00748818 0.500079
0.5 0.569 0.0537514 0.00464924 -0.00694215 0.500077
0.5 0.57 0.0545294 0.00471474 -0.00639612 0.500075
0.5 0.571 0.0553073 0.00478025 -0.00585009 0.500072
0.5 0.572 0.0560852 0.00484577 -0.00530406 0.500069
0.5 0.573 0.0568629 0.00491131 -0.00475802 0.500066
0.5 0.574 0.0576406 0.00497687 -0.00421199 0.500063
0.5 0.575 0.0584181 0.00504244 -0.00366596 0.50006
0.5 0.576 0.0591956 0.00510803 -0.00311993 0.500056
0.5 0.577 0.059973 0.00517364 -0.0025739 0.500052
0.5 0.578 0.0607503 0.00523926 -0.00202787 0.500048
0.5 0.579 0.0615276 0.00530489 -0.00148184 0.500044
0.5 0.58 0.0623047 0.00537054 -0.000935804 0.500039
0.5 0.581 0.0630818 0.00543621 -0.000389773 0.500035
0.5 0.582 0.0638588 0.00550189 0.000156259 0.50003
0.5 0.583 0.0646357 0.00556759 0.00070229 0.500025
0.5 0.584 0.0654125 0.0056333 0.00124832 0.500019
0.5 0.585 0.0661892 0.00569903 0.00179435 0.500014
0.5 0.586 0.0669659 0.00576477 0.00234038 0.500008
0.5 0.587 0.0677424 0.00583053 0.00288642 0.500002
0.5 0.588 0.0685189 0.0058963 0.00343245 0.499996
0.5 0.589 0.0692953 0.00596209 0.00397848 0.499989
0.5 0.59 0.0700716 0.0060279 0.00452451 0.499983
0.5 0.591 0.0708479 0.00609372 0.00507054 0.499976
0.5 0.592 0.071624 0.00615956 0.00561657 0.499969
0.5 0.593 0.0724001 0.00622541 0.00616261 0.499962
0.5 0.594 0.073176 0.00629128 0.00670864 0.499954
0.5 0.595 0.0739519 0.00635716 0.00725467 0.499947
0.5 0.596 0.0747277 0.00642306 0.0078007 0.499939
0.5 0.597 0.0755035 0.00648898 0.00834673 0.499931
0.5 0.598 0.0762791 0.00655491 0.00889276 0.499923
0.5 0.599 0.0770547 0.00662085 0.00943879 0.499914
0.5 0.6 0.0778301 0.00668681 0.00998483 0.499905
0.5 0.601 0.0786052 0.0067496 0.010548 0.499896
0.5 0.602 0.0793801 0.00681237 0.0111112 0.499887
0.5 0.603 0.0801549 0.00687512 0.0116744 0.499877
0.5 0.604 0.0809296 0.00693785 0.0122376 0.499867
0.5 0.605 0.0817041 0.00700055 0.0128008 0.499857
0.5 0.606 0.0824786 0.00706324 0.013364 0.499846
0.5 0.607 0.0832528 0.00712591 0.0139272 0.499835
0.5 0.608 0.084027 0.00718856 0.0144904 0.499824
0.5 0.609 0.084801 0.00725119 0.0150536 0.499813
0.5 0.61 0.0855749 0.0073138 0.0156168 0.499801
0.5 0.611 0.0863487 0.00737639 0.01618 0.499789
0.5 0.612 0.0871223 0.00743896 0.0167432 0.499777
0.5 0.613 0.0878958 0.00750151 0.0173064 0.499764
0.5 0.614 0.0886692 0.00756404 0.0178695 0.499751
0.5 0.615 0.0894424 0.00762655 0.0184327 0.499738
0.5 0.616 0.0902156 0.00768904 0.0189959 0.499724
0.5 0.617 0.0909886 0.00775152 0.0195591 0.49971
0.5 0.618 0.0917614 0.00781397 0.0201223 0.499696
0.5 0.619 0.0925341 0.0078764 0.0206855 0.499682
0.5 0.62 0.0933067 0.00793881 0.0212487 0.499667
0.5 0.621 0.0940792 0.0080012 0.0218119 0.499652
0.5 0.622 0.0948516 0.00806357 0.0223751 0.499637
0.5 0.623 0.0956238 0.00812593 0.0229383 0.499621
0.5 0.624 0.0963959 0.00818826 0.0235015 0.499605
0.5 0.625 0.0971678 0.00825057 0.0240647 0.499589
0.5 0.626 0.0979396 0.00831286 0.0246279 0.499573
0.5 0.627 0.0987113 0.00837514 0.0251911 0.499556
0.5 0.628 0.0994829 0.00843739 0.0257543 0.499539
0.5 0.629 0.100254 0.00849962 0.0263175 0.499522
0.5 0.63 0.101026 0.00856184 0.0268807 0.499504
0.5 0.631 0.101797 0.00862403 0.0274438 0.499486
0.5 0.632 0.102568 0.0086862 0.028007 0.499468
0.5 0.633 0.103339 0.00874836 0.0285702 0.499449
0.5 0.634 0.104109 0.00880799 0.0291441 0.49943
0.5 0.635 0.104879 0.00886626 0.0297233 0.49941
0.5 0.636 0.105649 0.0089244 0.0303024 0.49939
0.5 0.637 0.106419 0.00898242 0.0308816 0.49937
0.5 0.638 0.107189 0.00904032 0.0314608 0.49935
0.5 0.639 0.107959 0.0090981 0.03204 0.499329
0.5 0.64 0.108729 0.00915575 0.0326191 0.499308
0.5 0.641 0.109499 0.00921327 0.0331983 0.499287
0.5 0.642 0.110269 0.00927068 0.0337775 0.499265
0.5 0.643 0.111039 0.00932795 0.0343567 0.499243
0.5 0.644 0.111808 0.00938511 0.0349358 0.499221
0.5 0.645 0.112578 0.00944214 0.035515 0.499199
0.5 0.646 0.113348 0.00949905 0.0360942 0.499177
0.5 0.647 0.114118 0.00955583 0.0366734 0.499154
0.5 0.648 0.114888 0.00961249 0.0372525 0.499131
0.5 0.649 0.115658 0.00966902 0.0378317 0.499108
0.5 0.65 0.116428 0.00972544 0.0384109 0.499084
0.5 0.651 0.117197 0.00978172 0.0389901 0.499061
0.5 0.652 0.117967 0.00983789 0.0395692 0.499037
0.5 0.653 0.118737 0.00989393 0.0401484 0.499012
0.5 0.654 0.119507 0.00994984 0.0407276 0.498988
0.5 0.655 0.120277 0.0100056 0.0413068 0.498963
0.5 0.656 0.121046 0.0100613 0.0418859 0.498938
0.5 0.657 0.121816 0.0101168 0.0424651 0.498913
0.5 0.658 0.122586 0.0101723 0.0430443 0.498888
0.5 0.659 0.123356 0.0102276 0.0436235 0.498862
0.5 0.66 0.124125 0.0102827 0.0442026 0.498836
0.5 0.661 0.124895 0.0103378 0.0447818 0.49881
0.5 0.662 0.125665 0.0103927 0.045361 0.498783
0.5 0.663 0.126435 0.0104475 0.0459402 0.498757
0.5 0.664 0.127204 0.0105022 0.0465193 0.49873
0.5 0.665 0.127974 0.0105567 0.0470985 0.498703
0.5 0.666 0.128744 0.0106112 0.0476777 0.498675
0.5 0.667 0.129513 0.0106647 0.0482619 0.498647
0.5 0.668 0.130281 0.0107164 0.048856 0.498618
0.5 0.669 0.13105 0.0107678 0.0494502 0.498589
0.5 0.67 0.13182 0.0108188 0.0500443 0.49856
0.5 0.671 0.13259 0.0108694 0.0506385 0.498531
0.5 0.672 0.13336 0.0109197 0.0512326 0.498503
0.5 0.673 0.134132 0.0109697 0.0518268 0.498475
0.5 0.674 0.134904 0.0110193 0.0524209 0.498446
0.5 0.675 0.135676 0.0110686 0.0530151 0.498418
0.5 0.676 0.136449 0.0111175 0.0536092 0.49839
0.5 0.677 0.137223 0.0111661 0.0542034 0.498363
0.5 0.678 0.137997 0.0112144 0.0547975 0.498335
0.5 0.679 0.138772 0.0112623 0.0553917 0.498308
0.5 0.68 0.139547 0.0113098 0.0559859 0.49828
0.5 0.681 0.140323 0.011357 0.05658 0.498253
0.5 0.682 0.1411 0.0114039 0.0571742 0.498226
0.5 0.683 0.141877 0.0114504 0.0577683 0.498199
0.5 0.684 0.142655 0.0114965 0.0583625 0.498173
0.5 0.685 0.143433 0.0115423 0.0589566 0.498146
0.5 0.686 0.144212 0.0115878 0.0595508 0.49812
0.5 0.687 0.144991 0.0116329 0.0601449 0.498094
0.5 0.688 0.145771 0.0116777 0.0607391 0.498067
0.5 0.689 0.146552 0.0117221 0.0613332 0.498041
0.5 0.69 0.147333 0.0117662 0.0619274 0.498016
0.5 0.691 0.148115 0.0118099 0.0625215 0.49799
0.5 0.692 0.148898 0.0118533 0.0631157 0.497965
0.5 0.693 0.149681 0.0118964 0.0637098 0.497939
0.5 0.694 0.150464 0.011939 0.064304 0.497914
0.5 0.695 0.151248 0.0119814 0.0648981 0.497889
0.5 0.696 0.152033 0.0120234 0.0654923 0.497864
0.5 0.697 0.152818 0.012065 0.0660865 0.497839
0.5 0.698 0.153604 0.0121064 0.0666806 0.497815
0.5 0.699 0.154391 0.0121473 0.0672748 0.49779
0.5 0.7 0.155178 0.0121879 0.0678689 0.497766
0.5 0.701 0.155963 0.0122312 0.0684783 0.49774
0.5 0.702 0.156751 0.0122737 0.0690877 0.497715
0.5 0.703 0.15754 0.0123154 0.0696971 0.497692
0.5 0.704 0.158332 0.0123565 0.0703066 0.497669
0.5 0.705 0.159126 0.0123968 0.070916 0.497648
0.5 0.706 0.159922 0.0124364 0.0715254 0.497628
0.5 0.707 0.16072 0.0124752 0.0721348 0.497609
0.5 0.708 0.16152 0.0125134 0.0727442 0.497592
0.5 0.709 0.162322 0.0125508 0.0733536 0.497575
0.5 0.71 0.163126 0.0125874 0.073963 0.49756
0.5 0.711 0.163932 0.0126234 0.0745724 0.497546
0.5 0.712 0.164741 0.0126586 0.0751818 0.497533
0.5 0.713 0.165551 0.012693 0.0757913 0.497522
0.5 0.714 0.166364 0.0127268 0.0764007 0.497512
0.5 0.715 0.167179 0.0127598 0.0770101 0.497503
0.5 0.716 0.167995 0.0127921 0.0776195 0.497495
0.5 0.717 0.168814 0.0128237 0.0782289 0.497488
0.5 0.718 0.169635 0.0128545 0.0788383 0.497483
0.5 0.719 0.170458 0.0128846 0.0794477 0.497478
0.5 0.72 0.171283 0.012914 0.0800571 0.497475
0.5 0.721 0.172111 0.0129426 0.0806665 0.497473
0.5 0.722 0.17294 0.0129705 0.081276 0.497473
0.5 0.723 0.173771 0.0129977 0.0818854 0.497473
0.5 0.724 0.174605 0.0130242 0.0824948 0.497475
0.5 0.725 0.17544 0.0130499 0.0831042 0.497478
0.5 0.726 0.176278 0.0130749 0.0837136 0.497482
0.5 0.727 0.177118 0.0130991 0.084323 0.497488
0.5 0.728 0.17796 0.0131227 0.0849324 0.497494
0.5 0.729 0.178804 0.0131455 0.0855418 0.497502
0.5 0.73 0.17965 0.0131676 0.0861512 0.497511
0.5 0.731 0.180498 0.0131889 0.0867607 0.497522
0.5 0.732 0.181348 0.0132095 0.0873701 0.497533
0.5 0.733 0.182201 0.0132294 0.0879795 0.497546
0.5 0.734 0.183053 0.013258 0.0886014 0.497558
0.5 0.735 0.18391 0.01329 0.0892296 0.497573
0.5 0.736 0.184771 0.0133209 0.0898578 0.497591
0.5 0.737 0.185637 0.0133505 0.090486 0.497612
0.5 0.738 0.186508 0.0133789 0.0911142 0.497636
0.5 0.739 0.187383 0.013406 0.0917424 0.497664
0.5 0.74 0.188263 0.0134319 0.0923706 0.497694
0.5 0.741 0.189148 0.0134566 0.0929988 0.497728
0.5 0.742 0.190038 0.01348 0.0936269 0.497765
0.5 0.743 0.190932 0.0135022 0.0942551 0.497805
0.5 0.744 0.191832 0.0135231 0.0948833 0.497848
0.5 0.745 0.192736 0.0135429 0.0955115 0.497894
0.5 0.746 0.193644 0.0135614 0.0961397 0.497943
0.5 0.747 0.194558 0.0135786 0.0967679 0.497996
0.5 0.748 0.195476 0.0135946 0.0973961 0.498052
0.5 0.749 0.196399 0.0136094 0.0980243 0.49811
0.5 0.75 0.197327 0.0136229 0.0986525 0.498172
0.5 0.751 0.198259 0.0136352 0.0992807 0.498237
0.5 0.752 0.199196 0.0136463 0.0999089 0.498306
0.5 0.753 0.200138 0.0136561 0.100537 0.498377
0.5 0.754 0.201085 0.0136647 0.101165 0.498452
0.5 0.755 0.202036 0.0136721 0.101793 0.498529
0.5 0.756 0.202992 0.0136782 0.102422 0.49861
0.5 0.757 0.203953 0.013683 0.10305 0.498694
0.5 0.758 0.204919 0.0136867 0.103678 0.498781
0.5 0.759 0.205889 0.0136891 0.104306 0.498871
0.5 0.76 0.206864 0.0136903 0.104934 0.498965
0.5 0.761 0.207844 0.0136902 0.105563 0.499061
0.5 0.762 0.208829 0.0136889 0.106191 0.499161
0.5 0.763 0.209818 0.0136864 0.106819 0.499264
0.5 0.764 0.210812 0.0136826 0.107447 0.49937
0.5 0.765 0.211811 0.0136776 0.108075 0.499479
0.5 0.766 0.212815 0.0136713 0.108704 0.499591
0.5 0.767 0.213824 0.0136733 0.109341 0.499707
0.5 0.768 0.214842 0.0136927 0.109997 0.499828
0.5 0.769 0.215866 0.0137106 0.110653 0.499954
0.5 0.77 0.216899 0.0137269 0.11131 0.500086
0.5 0.771 0.217939 0.0137416 0.111966 0.500224
0.5 0.772 0.218986 0.0137548 0.112622 0.500367
0.5 0.773 0.220041 0.0137664 0.113278 0.500516
0.5 0.774 0.221103 0.0137764 0.113934 0.50067
0.5 0.775 0.222173 0.0137849 0.114591 0.500829
0.5 0.776 0.223251 0.0137918 0.115247 0.500994
0.5 0.777 0.224335 0.0137971 0.115903 0.501165
0.5 0.778 0.225428 0.0138009 0.116559 0.501341
0.5 0.779 0.226528 0.0138031 0.117215 0.501522
0.5 0.78 0.227635 0.0138038 0.117871 0.501709
0.5 0.781 0.22875 0.0138029 0.118528 0.501902
0.5 0.782 0.229872 0.0138004 0.119184 0.5021
0.5 0.783 0.231002 0.0137964 0.11984 0.502303
0.5 0.784 0.23214 0.0137908 0.120496 0.502512
0.5 0.785 0.233285 0.0137836 0.121152 0.502727
0.5 0.786 0.234437 0.0137749 0.121809 0.502947
0.5 0.787 0.235597 0.0137646 0.122465 0.503172
0.5 0.788 0.236764 0.0137528 0.123121 0.503403
0.5 0.789 0.237939 0.0137394 0.123777 0.50364
0.5 0.79 0.239122 0.0137244 0.124433 0.503882
0.5 0.791 0.240312 0.0137078 0.12509 0.50413
0.5 0.792 0.241509 0.0136897 0.125746 0.504383
0.5 0.793 0.242714 0.0136701 0.126402 0.504641
0.5 0.794 0.243927 0.0136489 0.127058 0.504905
0.5 0.795 0.245147 0.0136261 0.127714 0.505175
0.5 0.796 0.246374 0.0136017 0.12837 0.50545
0.5 0.797 0.247609 0.0135758 0.129027 0.50573
0.5 0.798 0.248851 0.0135483 0.129683 0.506016
0.5 0.799 0.250101 0.0135193 0.130339 0.506307
0.5 0.8 0.251359 0.0134887 0.130995 0.506604
0.5 0.801 0.252641 0.0134868 0.131695 0.506919
0.5 0.802 0.253928 0.0134841 0.132394 0.507239
0.5 0.803 0.255222 0.0134804 0.133094 0.507565
0.5 0.804 0.256522 0.0134759 0.133793 0.507896
0.5 0.805 0.257828 0.0134704 0.134493 0.508234
0.5 0.806 0.25914 0.0134641 0.135192 0.508578
0.5 0.807 0.260458 0.0134568 0.135892 0.508927
0.5 0.808 0.261783 0.0134486 0.136591 0.509282
0.5 0.809 0.263113 0.0134396 0.137291 0.509644
0.5 0.81 0.264449 0.0134296 0.13799 0.510011
0.5 0.811 0.265791 0.0134188 0.13869 0.510384
0.5 0.812 0.26714 0.013407 0.139389 0.510762
0.5 0.813 0.268494 0.0133943 0.140088 0.511147
0.5 0.814 0.269855 0.0133808 0.140788 0.511538
0.5 0.815 0.271221 0.0133663 0.141487 0.511934
0.5 0.816 0.272594 0.013351 0.142187 0.512336
0.5 0.817 0.273973 0.0133347 0.142886 0.512745
0.5 0.818 0.275358 0.0133175 0.143586 0.513159
0.5 0.819 0.276748 0.0132994 0.144285 0.513579
0.5 0.82 0.278145 0.0132805 0.144985 0.514004
0.5 0.821 0.279548 0.0132606 0.145684 0.514436
0.5 0.822 0.280957 0.0132398 0.146384 0.514874
0.5 0.823 0.282372 0.0132182 0.147083 0.515317
0.5 0.824 0.283793 0.0131956 0.147783 0.515767
0.5 0.825 0.285221 0.0131721 0.148482 0.516222
0.5 0.826 0.286654 0.0131477 0.149182 0.516683
0.5 0.827 0.288093 0.0131225 0.149881 0.51715
0.5 0.828 0.289538 0.0130963 0.150581 0.517623
0.5 0.829 0.29099 0.0130692 0.15128 0.518101
0.5 0.83 0.292447 0.0130412 0.15198 0.518586
0.5 0.831 0.293911 0.0130123 0.152679 0.519077
0.5 0.832 0.29538 0.0129825 0.153379 0.519573
0.5 0.833 0.296856 0.0129519 0.154078 0.520075
0.5 0.834 0.29836 0.0129063 0.154815 0.520603
0.5 0.835 0.29987 0.0128553 0.15557 0.52114
0.5 0.836 0.301372 0.0128065 0.156325 0.521676
0.5 0.837 0.302868 0.0127597 0.157081 0.522211
0.5 0.838 0.304357 0.012715 0.157836 0.522744
0.5 0.839 0.305838 0.0126725 0.158591 0.523276
0.5 0.84 0.307313 0.012632 0.159346 0.523807
0.5 0.841 0.30878 0.0125937 0.160102 0.524336
0.5 0.842 0.310241 0.0125574 0.160857 0.524864
0.5 0.843 0.311694 0.0125232 0.161612 0.52539
0.5 0.844 0.313141 0.0124911 0.162368 0.525915
0.5 0.845 0.31458 0.0124612 0.163123 0.526439
0.5 0.846 0.316012 0.0124333 0.163878 0.526961
0.5 0.847 0.317437 0.0124075 0.164633 0.527482
0.5 0.848 0.318855 0.0123839 0.165389 0.528002
0.5 0.849 0.320266 0.0123623 0.166144 0.52852
0.5 0.85 0.32167 0.0123428 0.166899 0.529037
0.5 0.851 0.323067 0.0123254 0.167654 0.529552
0.5 0.852 0.324457 0.0123101 0.16841 0.530067
0.5 0.853 0.32584 0.012297 0.169165 0.530579
0.5 0.854 0.327215 0.0122859 0.16992 0.531091
0.5 0.855 0.328584 0.0122769 0.170676 0.531601
0.5 0.856 0.329945 0.01227 0.171431 0.53211
0.5 0.857 0.3313 0.0122652 0.172186 0.532617
0.5 0.858 0.332647 0.0122626 0.172941 0.533123
0.5 0.859 0.333988 0.012262 0.173697 0.533627
0.5 0.86 0.335321 0.0122635 0.174452 0.534131
0.5 0.861 0.336647 0.0122671 0.175207 0.534632
0.5 0.862 0.337967 0.0122728 0.175962 0.535133
0.5 0.863 0.339279 0.0122806 0.176718 0.535632
0.5 0.864 0.340584 0.0122905 0.177473 0.53613
0.5 0.865 0.341882 0.0123025 0.178228 0.536626
0.5 0.866 0.343173 0.0123166 0.178983 0.537121
0.5 0.867 0.344463 0.0122793 0.179751 0.537635
0.5 0.868 0.345743 0.0121397 0.180543 0.538174
0.5 0.869 0.346989 0.0120061 0.181334 0.538689
0.5 0.87 0.348202 0.0118786 0.182126 0.53918
0.5 0.871 0.349382 0.011757 0.182918 0.539649
0.5 0.872 0.350529 0.0116415 0.183709 0.540094
0.5 0.873 0.351643 0.011532 0.184501 0.540515
0.5 0.874 0.352723 0.0114286 0.185293 0.540914
0.5 0.875 0.35377 0.0113312 0.186085 0.541289
0.5 0.876 0.354784 0.0112398 0.186876 0.54164
0.5 0.877 0.355765 0.0111544 0.187668 0.541968
0.5 0.878 0.356712 0.0110751 0.18846 0.542273
0.5 0.879 0.357627 0.0110018 0.189251 0.542555
0.5 0.88 0.358508 0.0109345 0.190043 0.542813
0.5 0.881 0.359356 0.0108732 0.190835 0.543048
0.5 0.882 0.360171 0.010818 0.191626 0.54326
0.5 0.883 0.360952 0.0107688 0.192418 0.543448
0.5 0.884 0.361701 0.0107257 0.19321 0.543612
0.5 0.885 0.362416 0.0106885 0.194002 0.543754
0.5 0.886 0.363098 0.0106574 0.194793 0.543872
0.5 0.887 0.363747 0.0106323 0.195585 0.543967
0.5 0.888 0.364362 0.0106133 0.196377 0.544038
0.5 0.889 0.364945 0.0106003 0.197168 0.544086
0.5 0.89 0.365494 0.0105933 0.19796 0.544111
0.5 0.891 0.36601 0.0105923 0.198752 0.544112
0.5 0.892 0.366493 0.0105974 0.199544 0.54409
0.5 0.893 0.366943 0.0106085 0.200335 0.544045
0.5 0.894 0.367359 0.0106256 0.201127 0.543976
0.5 0.895 0.367742 0.0106487 0.201919 0.543884
0.5 0.896 0.368092 0.0106779 0.20271 0.543769
0.5 0.897 0.368409 0.0107131 0.203502 0.54363
0.5 0.898 0.368693 0.0107544 0.204294 0.543468
0.5 0.899 0.368944 0.0108016 0.205086 0.543282
0.5 0.9 0.369161 0.0108549 0.205877 0.543074
0.5 0.901 0.369283 0.0105665 0.206624 0.542974
0.5 0.902 0.36935 0.0102892 0.20737 0.542791
0.5 0.903 0.369364 0.0100232 0.208116 0.542525
0.5 0.904 0.369324 0.00976837 0.208863 0.542175
0.5 0.905 0.36923 0.00952472 0.209609 0.541743
0.5 0.906 0.369082 0.00929227 0.210356 0.541227
0.5 0.907 0.36888 0.009071 0.211102 0.540629
0.5 0.908 0.368624 0.00886094 0.211848 0.539947
0.5 0.909 0.368314 0.00866206 0.212595 0.539182
0.5 0.91 0.367949 0.00847438 0.213341 0.538334
0.5 0.911 0.367531 0.0082979 0.214088 0.537402
0.5 0.912 0.367059 0.00813261 0.214834 0.536388
0.5 0.913 0.366533 0.00797851 0.21558 0.53529
0.5 0.914 0.365953 0.0078356 0.216327 0.53411
0.5 0.915 0.365319 0.00770389 0.217073 0.532846
0.5 0.916 0.364631 0.00758338 0.21782 0.531499
0.5 0.917 0.363889 0.00747406 0.218566 0.530069
0.5 0.918 0.363093 0.00737593 0.219312 0.528556
0.5 0.919 0.362243 0.00728899 0.220059 0.52696
0.5 0.92 0.361339 0.00721325 0.220805 0.52528
0.5 0.921 0.360381 0.0071487 0.221552 0.523518
0.5 0.922 0.359369 0.00709535 0.222298 0.521672
0.5 0.923 0.358303 0.00705319 0.223044 0.519743
0.5 0.924 0.357183 0.00702222 0.223791 0.517731
0.5 0.925 0.356009 0.00700245 0.224537 0.515636
0.5 0.926 0.354782 0.00699387 0.225284 0.513458
0.5 0.927 0.3535 0.00699649 0.22603 0.511196
0.5 0.928 0.352164 0.0070103 0.226776 0.508852
0.5 0.929 0.350774 0.0070353 0.227523 0.506424
0.5 0.93 0.34933 0.0070715 0.228269 0.503913
0.5 0.931 0.347832 0.00711889 0.229016 0.501319
0.5 0.932 0.34628 0.00717748 0.229762 0.498642
0.5 0.933 0.344674 0.00724725 0.230508 0.495882
0.5 0.934 0.343096 0.00697749 0.231116 0.492799
0.5 0.935 0.341479 0.00654564 0.231655 0.489458
0.5 0.936 0.339778 0.0061275 0.232194 0.485967
0.5 0.937 0.337994 0.00572306 0.232733 0.482326
0.5 0.938 0.336126 0.00533234 0.233272 0.478536
0.5 0.939 0.334174 0.00495532 0.233811 0.474597
0.5 0.94 0.332138 0.00459201 0.23435 0.470508
0.5 0.941 0.330019 0.00424241 0.234889 0.46627
0.5 0.942 0.327815 0.00390652 0.235428 0.461882
0.5 0.943 0.325528 0.00358434 0.235967 0.457345
0.5 0.944 0.323157 0.00327586 0.236506 0.452658
0.5 0.945 0.320703 0.00298109 0.237045 0.447822
0.5 0.946 0.318164 0.00270003 0.237584 0.442836
0.5 0.947 0.315542 0.00243268 0.238123 0.437701
0.5 0.948 0.312836 0.00217903 0.238661 0.432416
0.5 0.949 0.310046 0.0019391 0.2392 0.426981
0.5 0.95 0.307172 0.00171287 0.239739 0.421398
0.5 0.951 0.304215 0.00150035 0.240278 0.415665
0.5 0.952 0.301173 0.00130154 0.240817 0.409782
0.5 0.953 0.298048 0.00111643 0.241356 0.40375
0.5 0.954 0.294839 0.000945036 0.241895 0.397568
0.5 0.955 0.291547 0.000787348 0.242434 0.391237
0.5 0.956 0.28817 0.000643368 0.242973 0.384756
0.5 0.957 0.28471 0.000513096 0.243512 0.378126
0.5 0.958 0.281166 0.000396532 0.244051 0.371346
0.5 0.959 0.277538 0.000293676 0.24459 0.364417
0.5 0.96 0.273827 0.000204527 0.245129 0.357338
0.5 0.961 0.270031 0.000129087 0.245668 0.35011
0.5 0.962 0.266152 6.73554e-05 0.246207 0.342733
0.5 0.963 0.262189 1.93314e-05 0.246745 0.335205
0.5 0.964 0.258142 -1.49846e-05 0.247284 0.327529
0.5 0.965 0.254012 -3.55925e-05 0.247823 0.319703
0.5 0.966 0.249797 -4.24924e-05 0.248362 0.311727
0.5 0.967 0.245447 -6.23803e-05 0.24878 0.303502
0.5 0.968 0.240848 -0.000128267 0.248955 0.294997
0.5 0.969 0.236072 -0.000189917 0.24913 0.28645
0.5 0.97 0.231118 -0.000247332 0.249306 0.277859
0.5 0.971 0.225986 -0.00030051 0.249481 0.269224
0.5 0.972 0.220678 -0.000349452 0.249656 0.260547
0.5 0.973 0.215191 -0.000394158 0.249831 0.251826
0.5 0.974 0.209528 -0.000434629 0.250007 0.243062
0.5 0.975 0.203687 -0.000470863 0.250182 0.234254
0.5 0.976 0.197668 -0.000502861 0.250357 0.225404
0.5 0.977 0.191472 -0.000530623 0.250533 0.21651
0.5 0.978 0.185099 -0.000554149 0.250708 0.207572
0.5 0.979 0.178548 -0.000573439 0.250883 0.198592
0.5 0.98 0.17182 -0.000588493 0.251058 0.189568
0.5 0.981 0.164915 -0.000599311 0.251234 0.180501
0.5 0.982 0.157832 -0.000605892 0.251409 0.17139
0.5 0.983 0.150571 -0.000608238 0.251584 0.162236
0.5 0.984 0.143134 -0.000606348 0.251759 0.153039
0.5 0.985 0.135518 -0.000600221 0.251935 0.143799
0.5 0.986 0.127726 -0.000589859 0.25211 0.134516
0.5 0.987 0.119756 -0.000575261 0.252285 0.125189
0.5 0.988 0.111608 -0.000556426 0.25246 0.115818
0.5 0.989 0.103283 -0.000533355 0.252636 0.106405
0.5 0.99 0.0947811 -0.000506049 0.252811 0.0969483
0.5 0.991 0.0861013 -0.000474506 0.252986 0.0874482
0.5 0.992 0.0772442 -0.000438727 0.253161 0.0779049
0.5 0.993 0.0682096 -0.000398713 0.253337 0.0683183
0.5 0.994 0.0589977 -0.000354462 0.253512 0.0586884
0.5 0.995 0.0496083 -0.000305975 0.253687 0.0490152
0.5 0.996 0.0400414 -0.000253252 0.253862 0.0392988
0.5 0.997 0.0302972 -0.000196293 0.254038 0.029539
0.5 0.998 0.0203756 -0.000135098 0.254213 0.019736
0.5 0.999 0.0102765 -6.96671e-05 0.254388 0.00988962
0.5 1 9.79564e-35 2.81441e-33 0.254563 1.24804e-34
